   2.1000000000000001e+00  -1.6618471777777777e+00   8.6854427222222219e-01   9.5604122625220389e-01   9.9466425688055260e-01
   2.1050000000000000e+00  -1.6580695666666667e+00   8.6674881666666670e-01   9.6850550730410578e-01   9.6491899945266602e-01
   2.1099999999999999e+00  -1.6524678444444445e+00   8.6291387222222227e-01   1.0205025967531183e+00   1.1079106370191638e+00
   2.1150000000000002e+00  -1.6480896111111112e+00   8.6047971666666667e-01   1.0133637419960748e+00   1.1134238166640147e+00
   2.1200000000000001e+00  -1.6414771888888888e+00   8.5545876666666665e-01   1.0405216363271295e+00   1.4656524881510653e+00
   2.1250000000000000e+00  -1.6369130555555556e+00   8.5381982222222219e-01   1.0440461650750859e+00   1.2641652415880289e+00
   2.1299999999999999e+00  -1.6324120111111111e+00   8.5073825000000003e-01   1.0469795028358999e+00   1.3120250222625394e+00
   2.1350000000000002e+00  -1.6264011222222223e+00   8.4659797777777779e-01   1.0733192306512418e+00   1.4873485990894233e+00
   2.1400000000000001e+00  -1.6216417666666667e+00   8.4462729444444440e-01   1.0685347752761067e+00   1.4307714451937563e+00
   2.1450000000000000e+00  -1.6154265333333333e+00   8.3989203333333329e-01   1.1137040078825740e+00   1.5776932877308731e+00
   2.1499999999999999e+00  -1.6101749222222221e+00   8.3630968333333333e-01   1.1342934158235944e+00   1.7379312112636247e+00
   2.1550000000000002e+00  -1.6051065222222223e+00   8.3369597777777782e-01   1.1373231232654968e+00   1.6622536346392205e+00
   2.1600000000000001e+00  -1.5988165777777779e+00   8.2856466111111116e-01   1.1998329757218142e+00   2.0885145418557198e+00
   2.1650000000000000e+00  -1.5931708666666666e+00   8.2452556666666665e-01   1.1863995052384588e+00   2.0322108381626900e+00
   2.1699999999999999e+00  -1.5842897333333332e+00   8.1624695555555560e-01   1.2494279269962321e+00   2.5648813671117705e+00
   2.1750000000000003e+00  -1.5804756555555555e+00   8.1478641666666662e-01   1.2214092067483096e+00   2.5127586759631622e+00
   2.1800000000000002e+00  -1.5724428222222222e+00   8.0523536111111116e-01   1.3098036658605094e+00   4.1919834407124279e+00
   2.1850000000000001e+00  -1.5661681111111112e+00   8.0006800555555557e-01   1.3723768111843593e+00   4.5440838778499932e+00
   2.1899999999999999e+00  -1.5598304555555556e+00   7.9473067222222227e-01   1.3716714889102093e+00   4.2826801768928400e+00
   2.1950000000000003e+00  -1.5538462777777777e+00   7.9302606111111107e-01   1.3694383710961051e+00   3.4984597628206622e+00
   2.2000000000000002e+00  -1.5466822444444444e+00   7.8661523333333339e-01   1.3639433089435471e+00   3.5572763580523166e+00
   2.2050000000000001e+00  -1.5380807777777779e+00   7.7518472777777780e-01   1.4679967797688933e+00   5.8162565921391272e+00
   2.2100000000000000e+00  -1.5327705000000000e+00   7.7355899444444443e-01   1.4547444220112917e+00   4.8732186624857086e+00
   2.2150000000000003e+00  -1.5262609333333332e+00   7.6705151666666671e-01   1.5362148908780440e+00   6.2560987083758972e+00
   2.2200000000000002e+00  -1.5188427777777778e+00   7.6065603888888889e-01   1.5263573282743776e+00   5.5576073153370249e+00
   2.2250000000000001e+00  -1.5102657444444445e+00   7.4954573333333330e-01   1.5965593639060924e+00   7.4961066264259202e+00
   2.2300000000000000e+00  -1.4980886222222223e+00   7.2888841666666671e-01   1.7400538066030844e+00   1.1398377533272251e+01
   2.2350000000000003e+00  -1.4916443888888888e+00   7.1902399444444443e-01   1.7227422837678608e+00   1.7081547168095526e+01
   2.2400000000000002e+00  -1.4826433999999999e+00   7.0996158333333337e-01   1.7618253556517260e+00   1.4559247008074186e+01
   2.2450000000000001e+00  -1.4675687888888889e+00   6.7618667222222217e-01   2.0690472784489775e+00   2.9889203638347006e+01
   2.2500000000000000e+00  -1.4617808555555556e+00   6.6447724444444445e-01   2.0621195924958657e+00   3.7416668007050951e+01
   2.2549999999999999e+00  -1.4521861000000000e+00   6.5377583333333333e-01   2.0338648422244665e+00   3.1102817150899313e+01
   2.2600000000000002e+00  -1.4407644777777777e+00   6.2823323333333336e-01   2.2835166807797482e+00   4.4976391826532847e+01
   2.2650000000000001e+00  -1.4309476777777779e+00   6.0940080555555554e-01   2.2060588718226812e+00   4.5498787412262637e+01
   2.2700000000000000e+00  -1.4270081222222222e+00   6.1497411666666668e-01   2.1362405985532651e+00   4.2295897043255856e+01
   2.2749999999999999e+00  -1.4145103555555556e+00   5.9080371111111107e-01   2.2049296772101408e+00   4.3911084648096420e+01
   2.2800000000000002e+00  -1.4097126444444446e+00   5.9393623888888891e-01   2.0298250365034018e+00   3.5135915451192595e+01
   2.2850000000000001e+00  -1.3936865000000001e+00   5.4965041111111113e-01   2.1406693396262897e+00   4.5722574661732267e+01
   2.2900000000000000e+00  -1.3855373000000000e+00   5.3440031111111108e-01   2.0733326299438719e+00   4.6458907748319419e+01
   2.2949999999999999e+00  -1.3637614666666666e+00   4.4907261111111113e-01   2.0890680990565702e+00   6.7259230248128759e+01
   2.3000000000000003e+00  -1.3504501555555555e+00   4.0426316666666667e-01   2.1066248784543196e+00   7.0214034448458875e+01
   2.3050000000000002e+00  -1.3423840555555555e+00   4.0552969999999999e-01   2.0174962608790139e+00   6.1131790298398847e+01
   2.3100000000000001e+00  -1.3375844333333333e+00   4.0909268888888889e-01   1.9762450649723122e+00   5.7310193924201229e+01
   2.3149999999999999e+00  -1.3291135777777778e+00   3.8501887777777777e-01   1.9494978530348992e+00   5.5706944154240247e+01
   2.3200000000000003e+00  -1.3174886111111110e+00   3.5229450000000001e-01   1.7905464889167355e+00   5.6319607727006705e+01
   2.3250000000000002e+00  -1.3073840000000001e+00   3.3289016111111114e-01   1.7599137035874488e+00   5.7408519640982540e+01
   2.3300000000000001e+00  -1.2962720222222222e+00   2.9864030555555554e-01   1.6214748534429468e+00   4.8389268067953047e+01
   2.3350000000000000e+00  -1.2917592777777778e+00   3.0561356111111110e-01   1.5758475059079247e+00   5.0162194369998524e+01
   2.3399999999999999e+00  -1.2836564555555556e+00   2.7762750555555554e-01   1.5677641249210310e+00   4.8036639128755894e+01
   2.3450000000000002e+00  -1.2773497777777778e+00   2.7511323333333332e-01   1.4771466747567268e+00   4.3379600273588061e+01
   2.3500000000000001e+00  -1.2677164888888890e+00   2.5503927222222222e-01   1.4424096794924421e+00   3.9776453301618844e+01
   2.3550000000000000e+00  -1.2618455444444445e+00   2.5251815555555557e-01   1.3771065240177323e+00   3.5634138906354124e+01
   2.3600000000000003e+00  -1.2522820111111110e+00   2.1732319444444445e-01   1.3628495279801152e+00   3.5453107314942301e+01
   2.3650000000000002e+00  -1.2465938777777779e+00   2.1361166111111110e-01   1.2924961327238840e+00   3.1236503114409153e+01
   2.3700000000000001e+00  -1.2409422888888888e+00   2.1856101666666666e-01   1.3473370833150604e+00   3.2860337782171172e+01
   2.3750000000000000e+00  -1.2359989333333334e+00   2.1681807777777778e-01   1.2982019916652863e+00   3.1191645689800421e+01
   2.3799999999999999e+00  -1.2290689111111111e+00   1.9666610000000001e-01   1.2576759405876479e+00   2.7964614163846683e+01
   2.3850000000000002e+00  -1.2215035000000001e+00   1.8939344999999999e-01   1.2142841552917243e+00   2.5342787432842258e+01
   2.3900000000000001e+00  -1.2160081111111112e+00   1.7627893888888888e-01   1.1498961204848712e+00   2.2608369024468569e+01
   2.3950000000000000e+00  -1.2098478666666668e+00   1.7384193888888888e-01   1.1623417904392226e+00   2.3549884893555976e+01
   2.3999999999999999e+00  -1.2047567888888888e+00   1.6966587777777778e-01   1.1836248975062820e+00   2.4249876756473888e+01
