   2.1000000000000001e+00  -1.6617286240000000e+00   8.6845472800000001e-01   9.6551505820010530e-01   9.5222065545618539e-01
   2.1050000000000000e+00  -1.6576568439999999e+00   8.6652969199999996e-01   9.8603567517713542e-01   9.7594248733936750e-01
   2.1099999999999999e+00  -1.6521921079999999e+00   8.6265015000000000e-01   9.9086385686877221e-01   1.1629406017891322e+00
   2.1150000000000002e+00  -1.6473023480000000e+00   8.6027240199999999e-01   1.0161490559651891e+00   1.0853721000025174e+00
   2.1200000000000001e+00  -1.6422676919999999e+00   8.5724987399999997e-01   1.0475089288717510e+00   1.1971693329435755e+00
   2.1250000000000000e+00  -1.6370556279999999e+00   8.5370961199999995e-01   1.0439553220768700e+00   1.3296330033386454e+00
   2.1299999999999999e+00  -1.6314280240000001e+00   8.5000892600000000e-01   1.0464041514144844e+00   1.3028167358047806e+00
   2.1350000000000002e+00  -1.6266723000000001e+00   8.4741980800000005e-01   1.0709617360048844e+00   1.3552112507875962e+00
   2.1400000000000001e+00  -1.6213469800000000e+00   8.4384990400000004e-01   1.1094162531209435e+00   1.5367721494893047e+00
   2.1450000000000000e+00  -1.6154845240000000e+00   8.3962360000000003e-01   1.1012676620823327e+00   1.6559960607916882e+00
   2.1499999999999999e+00  -1.6100195719999999e+00   8.3630671400000001e-01   1.1256379658992772e+00   1.6578354219641795e+00
   2.1550000000000002e+00  -1.6041641040000001e+00   8.3181331400000003e-01   1.1737670100337654e+00   1.9750733658346384e+00
   2.1600000000000001e+00  -1.5981249559999999e+00   8.2733087199999999e-01   1.1815186702634817e+00   2.2083353357382669e+00
   2.1650000000000000e+00  -1.5927072000000000e+00   8.2365042200000005e-01   1.2234547668608946e+00   2.3054704795464631e+00
   2.1699999999999999e+00  -1.5864493680000000e+00   8.1973968200000003e-01   1.2191501972872230e+00   2.2224353536352308e+00
   2.1750000000000003e+00  -1.5792088120000001e+00   8.1365458999999996e-01   1.2634963319827326e+00   2.6301181771580513e+00
   2.1800000000000002e+00  -1.5731182239999999e+00   8.0825126000000003e-01   1.2974335777413142e+00   3.0469943211576260e+00
   2.1850000000000001e+00  -1.5660723200000000e+00   8.0042932000000000e-01   1.3698425126960034e+00   4.2612749379293593e+00
   2.1899999999999999e+00  -1.5605191599999999e+00   7.9836770599999995e-01   1.3421074741862662e+00   3.5157495191669490e+00
   2.1950000000000003e+00  -1.5527668360000000e+00   7.8777486399999996e-01   1.4424526683630550e+00   5.9679307634694014e+00
   2.2000000000000002e+00  -1.5461116840000000e+00   7.8455597399999999e-01   1.4409607642230167e+00   4.6168099586882372e+00
   2.2050000000000001e+00  -1.5389171840000000e+00   7.7641667999999997e-01   1.4325796233258630e+00   5.3243195763155988e+00
   2.2100000000000000e+00  -1.5312332520000000e+00   7.6725274399999999e-01   1.5392759556612017e+00   9.5018476690972289e+00
   2.2150000000000003e+00  -1.5239918480000001e+00   7.6076385800000002e-01   1.5643551299520100e+00   8.1910050950601310e+00
   2.2200000000000002e+00  -1.5179279480000001e+00   7.5759737400000005e-01   1.5707903329877722e+00   7.3426834085768258e+00
   2.2250000000000001e+00  -1.5086975600000001e+00   7.4231187200000004e-01   1.6238904567535981e+00   1.2510996224069864e+01
   2.2300000000000000e+00  -1.5001147159999999e+00   7.3049867999999996e-01   1.7441544053555926e+00   1.5231865115056792e+01
   2.2350000000000003e+00  -1.4902419840000001e+00   7.1990978600000000e-01   1.7544544106490714e+00   1.3802037080242661e+01
   2.2400000000000002e+00  -1.4816914880000001e+00   7.0881505199999995e-01   1.8215546706508441e+00   1.5235751459987698e+01
   2.2450000000000001e+00  -1.4725195040000001e+00   6.9471508999999998e-01   1.8350923203634841e+00   1.7569901107759414e+01
   2.2500000000000000e+00  -1.4621853760000001e+00   6.7202059599999997e-01   2.0306822394836095e+00   3.2276731931576464e+01
   2.2549999999999999e+00  -1.4552156119999999e+00   6.6356165000000000e-01   1.9697441634318076e+00   3.6751179281940018e+01
   2.2600000000000002e+00  -1.4381071519999999e+00   5.9435911399999997e-01   2.5827232454558793e+00   1.2000130474307498e+02
   2.2650000000000001e+00  -1.4283468159999999e+00   5.7408274000000004e-01   2.4403463634870395e+00   1.2753589475184268e+02
   2.2700000000000000e+00  -1.4139001000000000e+00   5.4309295999999996e-01   2.4002043850838928e+00   9.2749966551710884e+01
   2.2749999999999999e+00  -1.4098504039999999e+00   5.3817192999999997e-01   2.5240781583608656e+00   1.3320750403725330e+02
   2.2800000000000002e+00  -1.3958020760000001e+00   4.9098920800000001e-01   2.4634871939257370e+00   1.4168179596637177e+02
   2.2850000000000001e+00  -1.3831672920000000e+00   4.4562515000000003e-01   2.3340982129409675e+00   1.5117555488086421e+02
   2.2900000000000000e+00  -1.3685944280000000e+00   3.9781056799999998e-01   2.5684209915007266e+00   1.6413562979352560e+02
   2.2949999999999999e+00  -1.3610939000000000e+00   3.8415622999999999e-01   2.3036494332001602e+00   1.4846225991715508e+02
   2.3000000000000003e+00  -1.3506656840000000e+00   3.4935120200000003e-01   2.0355425255431565e+00   1.4858729537023990e+02
   2.3050000000000002e+00  -1.3348281920000000e+00   2.7712464399999998e-01   1.8752912753299902e+00   1.1631391291571914e+02
   2.3100000000000001e+00  -1.3291933160000000e+00   2.8124732600000002e-01   1.9321614844620409e+00   1.2840291279934942e+02
   2.3149999999999999e+00  -1.3205562920000000e+00   2.6475916599999999e-01   1.8926064571102585e+00   1.1865686339950081e+02
   2.3200000000000003e+00  -1.3067779520000000e+00   1.8083225999999999e-01   1.5357063798412154e+00   6.7369406876260328e+01
   2.3250000000000002e+00  -1.3026560400000000e+00   1.9744760400000000e-01   1.5536650927844990e+00   8.1463851311222300e+01
   2.3300000000000001e+00  -1.2962228920000001e+00   1.9286891800000000e-01   1.4997414709362784e+00   7.8190245457121350e+01
   2.3350000000000000e+00  -1.2857889680000001e+00   1.7403189199999999e-01   1.4414217107597904e+00   6.1182293401714517e+01
   2.3399999999999999e+00  -1.2815773840000000e+00   1.8451732400000001e-01   1.4584172702838623e+00   7.3896214043927444e+01
   2.3450000000000002e+00  -1.2720816720000001e+00   1.5550272000000001e-01   1.3851357724037152e+00   4.9849278249047323e+01
   2.3500000000000001e+00  -1.2660953920000000e+00   1.5736566799999999e-01   1.3839006558016125e+00   4.9609893653250104e+01
   2.3550000000000000e+00  -1.2595065360000000e+00   1.4105682400000000e-01   1.3437981755953992e+00   4.2250901471902431e+01
   2.3600000000000003e+00  -1.2514690280000000e+00   1.3386821800000001e-01   1.3237716229801046e+00   3.9988170804679967e+01
   2.3650000000000002e+00  -1.2465676560000001e+00   1.3376157599999999e-01   1.2776274157858598e+00   3.7935015896812800e+01
   2.3700000000000001e+00  -1.2389532720000000e+00   1.1780502000000000e-01   1.2113119231149625e+00   3.2715140298732493e+01
   2.3750000000000000e+00  -1.2325149600000000e+00   1.1657293600000000e-01   1.2409011614812708e+00   3.1717068572378540e+01
   2.3799999999999999e+00  -1.2272369519999999e+00   1.1893479999999999e-01   1.1857374778436862e+00   3.0489451516638667e+01
   2.3850000000000002e+00  -1.2213373640000000e+00   1.1237556999999999e-01   1.1683149832007524e+00   2.9531992108910270e+01
   2.3900000000000001e+00  -1.2150826960000001e+00   1.0894940600000000e-01   1.1633142777111674e+00   2.5519138787645041e+01
   2.3950000000000000e+00  -1.2101103080000000e+00   1.1013813000000000e-01   1.1564549376005340e+00   2.8520822455545300e+01
   2.3999999999999999e+00  -1.2039686199999999e+00   9.9534875999999994e-02   1.1184428932217674e+00   2.3031484698602601e+01
