   2.1000000000000001e+00  -1.6621408000000000e+00   8.6839730000000004e-01   9.7907069400813462e-01   9.7035912587425199e-01
   2.1050000000000000e+00  -1.6556620500000001e+00   8.6391708749999996e-01   1.0047588320254786e+00   1.1055856559750781e+00
   2.1099999999999999e+00  -1.6523487750000001e+00   8.6358133749999999e-01   1.0072203026882605e+00   1.0047554311554125e+00
   2.1150000000000002e+00  -1.6467023999999999e+00   8.5976142499999997e-01   1.0153481514530300e+00   1.0768680998351094e+00
   2.1200000000000001e+00  -1.6411587000000001e+00   8.5432056249999999e-01   1.0516914967283246e+00   1.4821261832517196e+00
   2.1250000000000000e+00  -1.6362753750000001e+00   8.5332346250000002e-01   1.0541823047253860e+00   1.2138753318671576e+00
   2.1299999999999999e+00  -1.6328473500000000e+00   8.5237107499999998e-01   1.0429927388223788e+00   1.1571836644841551e+00
   2.1350000000000002e+00  -1.6252888750000001e+00   8.4449368749999998e-01   1.1166143799340149e+00   1.8910062581937199e+00
   2.1400000000000001e+00  -1.6214983249999999e+00   8.4358786249999995e-01   1.0810807353286718e+00   1.5262458940607384e+00
   2.1450000000000000e+00  -1.6149519000000001e+00   8.3939078749999996e-01   1.1112782691300058e+00   1.5271699772531706e+00
   2.1499999999999999e+00  -1.6108610249999999e+00   8.3628457499999997e-01   1.1552164234761693e+00   2.0450611103772793e+00
   2.1550000000000002e+00  -1.6026324249999999e+00   8.2601703750000000e-01   1.2367963225417442e+00   4.2920041255488943e+00
   2.1600000000000001e+00  -1.5981607000000000e+00   8.2812431249999996e-01   1.1955804099829228e+00   1.9363481477979534e+00
   2.1650000000000000e+00  -1.5920898500000000e+00   8.1997448750000002e-01   1.2646597172448877e+00   4.4555447961106429e+00
   2.1699999999999999e+00  -1.5846042000000000e+00   8.1673461250000001e-01   1.2652016283582304e+00   2.6417717585989413e+00
   2.1750000000000003e+00  -1.5777793250000001e+00   8.1007614999999999e-01   1.3059396304021338e+00   3.7981596882225559e+00
   2.1800000000000002e+00  -1.5734305500000001e+00   8.0732687500000000e-01   1.3026397026168031e+00   3.7990905478784387e+00
   2.1850000000000001e+00  -1.5664533000000000e+00   8.0152573750000000e-01   1.3456353377932548e+00   3.6835825973133360e+00
   2.1899999999999999e+00  -1.5616525250000000e+00   7.9992051249999996e-01   1.3410397109731975e+00   3.6188326099450001e+00
   2.1950000000000003e+00  -1.5536277999999999e+00   7.9355718750000004e-01   1.3498188381042120e+00   3.2405385158741646e+00
   2.2000000000000002e+00  -1.5478875000000001e+00   7.8432745000000004e-01   1.4327281714877167e+00   6.7092179692709486e+00
   2.2050000000000001e+00  -1.5368948499999999e+00   7.7532627499999995e-01   1.4319802283132632e+00   4.5298834790924696e+00
   2.2100000000000000e+00  -1.5338413750000000e+00   7.7700438750000000e-01   1.4002145003121609e+00   3.7153939430767693e+00
   2.2150000000000003e+00  -1.5236078000000000e+00   7.6278460000000003e-01   1.5008048034191797e+00   6.1318469546474068e+00
   2.2200000000000002e+00  -1.5142285000000000e+00   7.4965273750000005e-01   1.5814716460512881e+00   8.0590604635180085e+00
   2.2250000000000001e+00  -1.5138890500000000e+00   7.5817866249999999e-01   1.4835611794786117e+00   5.4741409854103384e+00
   2.2300000000000000e+00  -1.4979619250000000e+00   7.3095016250000000e-01   1.6776415975529873e+00   9.5884463143308647e+00
   2.2350000000000003e+00  -1.4916978750000001e+00   7.2424927500000003e-01   1.7427943391488476e+00   1.0540745820652852e+01
   2.2400000000000002e+00  -1.4811682749999999e+00   7.0657733749999996e-01   1.8298353622526515e+00   1.3998276421990013e+01
   2.2450000000000001e+00  -1.4785366499999999e+00   7.1093708749999995e-01   1.7227291473441497e+00   1.2078999894088028e+01
   2.2500000000000000e+00  -1.4636407250000001e+00   6.8279930000000000e-01   1.9020896186389857e+00   1.6651821587207184e+01
   2.2549999999999999e+00  -1.4585677500000001e+00   6.8250768750000002e-01   1.8658588809101639e+00   1.5594791543434006e+01
   2.2600000000000002e+00  -1.4498103499999999e+00   6.6939568750000000e-01   1.8276722242548735e+00   1.7105800935948462e+01
   2.2650000000000001e+00  -1.4354928000000000e+00   6.4009260000000001e-01   1.9456671075937817e+00   2.0731478578536002e+01
   2.2700000000000000e+00  -1.4310365500000000e+00   6.3671261250000000e-01   1.9213186948234697e+00   2.1651234915629832e+01
   2.2749999999999999e+00  -1.4151283250000000e+00   5.9918220000000000e-01   2.1107698398379187e+00   2.9181222428596076e+01
   2.2800000000000002e+00  -1.4146759750000000e+00   6.2348868749999997e-01   1.9209753217294565e+00   1.8741916543966539e+01
   2.2850000000000001e+00  -1.3971728750000001e+00   5.7989246250000004e-01   2.0227030405270012e+00   2.6170344298511029e+01
   2.2900000000000000e+00  -1.3885009500000001e+00   5.7302053750000004e-01   1.8740496860386640e+00   2.3700461393073262e+01
   2.2949999999999999e+00  -1.3742217999999999e+00   5.2971621250000001e-01   1.9919205714072605e+00   3.0469126478626475e+01
   2.3000000000000003e+00  -1.3738649999999999e+00   5.4767392500000001e-01   2.0057702155008914e+00   2.7252153065283057e+01
   2.3050000000000002e+00  -1.3648179250000001e+00   5.3797237499999995e-01   1.9759064295595472e+00   2.6288971574392626e+01
   2.3100000000000001e+00  -1.3531081000000000e+00   5.1285121249999999e-01   1.9118064397263919e+00   2.8601617495518486e+01
   2.3149999999999999e+00  -1.3364443749999999e+00   4.6396461249999998e-01   1.9529122493223363e+00   3.3222750661494487e+01
   2.3200000000000003e+00  -1.3325350250000001e+00   4.7829151250000002e-01   1.8453748768577680e+00   2.7237577516267105e+01
   2.3250000000000002e+00  -1.3187081000000000e+00   4.3157982499999997e-01   1.7632569760247392e+00   3.0071701890215468e+01
   2.3300000000000001e+00  -1.3121099750000000e+00   4.2989488749999999e-01   1.7727589583155858e+00   2.8819796629690885e+01
   2.3350000000000000e+00  -1.3063015750000000e+00   4.1998261250000002e-01   1.8167159910001873e+00   3.0127366313181909e+01
   2.3399999999999999e+00  -1.2946708000000000e+00   3.9285662500000001e-01   1.7318057206106452e+00   2.9606745495630328e+01
   2.3450000000000002e+00  -1.2948969749999999e+00   4.1164163749999999e-01   1.7166065470440461e+00   2.9022590455057461e+01
   2.3500000000000001e+00  -1.2791364750000001e+00   3.7059692500000002e-01   1.6872862687766246e+00   2.8561520484625980e+01
   2.3550000000000000e+00  -1.2707180499999999e+00   3.5309867499999997e-01   1.5359977004640515e+00   2.7435204921949456e+01
   2.3600000000000003e+00  -1.2596835000000000e+00   3.2842182500000000e-01   1.4918299203533698e+00   2.6008654123674155e+01
   2.3650000000000002e+00  -1.2522680500000001e+00   3.1444365000000002e-01   1.4315455070582790e+00   2.5463269750310346e+01
   2.3700000000000001e+00  -1.2455334499999999e+00   3.0565828750000001e-01   1.3960584111798975e+00   2.4152059420720562e+01
   2.3750000000000000e+00  -1.2402914750000000e+00   3.0173125000000001e-01   1.3417735388754271e+00   2.2760898900000008e+01
   2.3799999999999999e+00  -1.2323178500000000e+00   2.9157840000000002e-01   1.2948462174641426e+00   2.1275256027522691e+01
   2.3850000000000002e+00  -1.2291789750000000e+00   2.8850090000000000e-01   1.3675230443098414e+00   2.3329030259414662e+01
   2.3900000000000001e+00  -1.2195387250000000e+00   2.6434747500000000e-01   1.2715242486299072e+00   2.1061381040920086e+01
   2.3950000000000000e+00  -1.2140986000000000e+00   2.6471794999999998e-01   1.2648965380842083e+00   2.0083458274102718e+01
   2.3999999999999999e+00  -1.2087001500000001e+00   2.5777608749999997e-01   1.2214057680493573e+00   1.9521070610878230e+01
