   2.1000000000000001e+00  -1.6623139687499999e+00   8.6921511250000005e-01   9.5417607396676329e-01   8.7894798943778452e-01
   2.1050000000000000e+00  -1.6578603062499999e+00   8.6647322187499998e-01   9.9850732577681089e-01   1.0335231862307996e+00
   2.1099999999999999e+00  -1.6521520000000001e+00   8.6271816562500003e-01   1.0167970922481764e+00   1.1140467134186827e+00
   2.1150000000000002e+00  -1.6471305750000000e+00   8.5937737500000000e-01   1.0197261843714649e+00   1.2869998647283154e+00
   2.1200000000000001e+00  -1.6422442937499999e+00   8.5725829062500003e-01   1.0403301678996202e+00   1.1845413426177265e+00
   2.1250000000000000e+00  -1.6376083937499999e+00   8.5423610937500005e-01   1.0419906281171991e+00   1.2775442688816281e+00
   2.1299999999999999e+00  -1.6308781562500001e+00   8.4923290312499999e-01   1.0598310986017900e+00   1.4710630835728074e+00
   2.1350000000000002e+00  -1.6265664687500001e+00   8.4715498749999996e-01   1.0736422509184080e+00   1.4551061931146914e+00
   2.1400000000000001e+00  -1.6210560562500000e+00   8.4351488124999996e-01   1.0853957865880641e+00   1.5475853867801646e+00
   2.1450000000000000e+00  -1.6155708812500000e+00   8.3931184062499997e-01   1.1174883054160107e+00   1.9083776985865524e+00
   2.1499999999999999e+00  -1.6098392500000001e+00   8.3558182500000000e-01   1.1561838875934201e+00   1.9361768697133981e+00
   2.1550000000000002e+00  -1.6038477124999999e+00   8.3156110000000005e-01   1.1853880942744275e+00   1.9761040603043509e+00
   2.1600000000000001e+00  -1.5977639749999999e+00   8.2671666249999998e-01   1.1710325853212404e+00   2.1369879442642774e+00
   2.1650000000000000e+00  -1.5920866312499999e+00   8.2265505312499998e-01   1.2239126419520301e+00   2.7289196782136189e+00
   2.1699999999999999e+00  -1.5851755125000000e+00   8.1599925625000003e-01   1.2930115208055815e+00   4.3004878474469725e+00
   2.1750000000000003e+00  -1.5802199187499999e+00   8.1412059062499997e-01   1.2364797344445304e+00   2.6148971652031348e+00
   2.1800000000000002e+00  -1.5740894437499999e+00   8.1023190000000000e-01   1.2833019535012720e+00   2.5701242194018632e+00
   2.1850000000000001e+00  -1.5665949875000000e+00   8.0089259374999999e-01   1.3435534029493355e+00   5.9443530006607510e+00
   2.1899999999999999e+00  -1.5601773999999999e+00   7.9732369375000001e-01   1.3808540662486162e+00   4.2717236703557822e+00
   2.1950000000000003e+00  -1.5534249750000000e+00   7.9147767499999999e-01   1.3551259792122556e+00   3.7414470843754382e+00
   2.2000000000000002e+00  -1.5454033812500001e+00   7.8214567499999998e-01   1.4315828181464560e+00   5.7397019280835089e+00
   2.2050000000000001e+00  -1.5398130562500001e+00   7.7897019374999998e-01   1.4410346219978150e+00   5.4053122365803405e+00
   2.2100000000000000e+00  -1.5320081062499999e+00   7.7148822187499999e-01   1.4968444103205674e+00   5.1786091949841282e+00
   2.2150000000000003e+00  -1.5259522437499999e+00   7.6629467187500000e-01   1.4912918809842357e+00   5.6257448406597277e+00
   2.2200000000000002e+00  -1.5170517875000000e+00   7.5599045312500002e-01   1.6196356171480129e+00   7.2768024089801226e+00
   2.2250000000000001e+00  -1.5094113124999999e+00   7.4718169687500002e-01   1.6571496651376112e+00   8.2584047598753845e+00
   2.2300000000000000e+00  -1.5015763437500000e+00   7.4038195625000003e-01   1.6841889789556497e+00   8.5551333969989862e+00
   2.2350000000000003e+00  -1.4931670875000000e+00   7.2670530312500004e-01   1.6583659821747840e+00   1.1951743251794866e+01
   2.2400000000000002e+00  -1.4815336312500000e+00   6.9530608125000004e-01   1.9799874972514602e+00   3.9972071260632731e+01
   2.2450000000000001e+00  -1.4728873062500001e+00   6.8492064374999995e-01   1.8740884987198396e+00   4.3417246106480256e+01
   2.2500000000000000e+00  -1.4635935562500000e+00   6.7408254374999999e-01   1.9005265456309288e+00   3.5136318407239031e+01
   2.2549999999999999e+00  -1.4567181000000000e+00   6.7431195624999996e-01   1.9013185475579055e+00   1.9200602001378140e+01
   2.2600000000000002e+00  -1.4461154000000001e+00   6.4907070000000000e-01   2.0906796343052219e+00   3.6853998493214142e+01
   2.2650000000000001e+00  -1.4308279374999999e+00   6.0511682812500001e-01   2.3062279577938614e+00   5.8701629918923260e+01
   2.2700000000000000e+00  -1.4215000124999999e+00   5.9741059062500002e-01   2.1678809136602197e+00   4.4707931621990085e+01
   2.2749999999999999e+00  -1.3953959874999999e+00   4.5035083125000003e-01   2.3874419014043942e+00   1.3532303530069350e+02
   2.2800000000000002e+00  -1.3913044812499999e+00   4.6963069374999999e-01   2.5766612858726021e+00   1.2595323320614885e+02
   2.2850000000000001e+00  -1.3836317250000001e+00   4.7810004687500002e-01   2.2061339188713078e+00   8.7202517033363691e+01
   2.2900000000000000e+00  -1.3699641499999999e+00   4.2300741250000001e-01   2.3526629020373160e+00   1.0941502593159429e+02
   2.2949999999999999e+00  -1.3660011437499999e+00   4.3832419687500002e-01   2.1784035155756518e+00   1.0010910238915991e+02
   2.3000000000000003e+00  -1.3512491000000000e+00   3.8473898750000002e-01   2.0345378440104080e+00   1.0115528921579964e+02
   2.3050000000000002e+00  -1.3407975999999999e+00   3.5706688749999999e-01   2.0960771291563698e+00   1.0039882781856791e+02
   2.3100000000000001e+00  -1.3322453437499999e+00   3.4245812812499998e-01   1.8892977804473885e+00   8.8881002196071407e+01
   2.3149999999999999e+00  -1.3195613250000000e+00   2.8601636562499999e-01   1.8960790806815995e+00   9.1182607548429559e+01
   2.3200000000000003e+00  -1.3130166000000001e+00   2.9393520312499999e-01   1.7895544453062366e+00   7.5744401410554232e+01
   2.3250000000000002e+00  -1.3053387375000001e+00   2.7197209062500000e-01   1.6759687906945420e+00   7.8582534129495642e+01
   2.3300000000000001e+00  -1.2932359124999999e+00   2.2794011562499999e-01   1.4836258763047798e+00   6.4999699700628526e+01
   2.3350000000000000e+00  -1.2884936250000001e+00   2.2889854374999999e-01   1.5951337279547970e+00   6.2847293547078280e+01
   2.3399999999999999e+00  -1.2790036000000000e+00   1.9881565625000000e-01   1.4018336615264326e+00   4.9781670426813577e+01
   2.3450000000000002e+00  -1.2714615750000000e+00   1.9939936562499999e-01   1.3912286560842619e+00   4.7582368062547694e+01
   2.3500000000000001e+00  -1.2675314375000000e+00   2.1269206250000000e-01   1.4504217880985866e+00   5.1470018102882968e+01
   2.3550000000000000e+00  -1.2576656062500000e+00   1.6366836874999999e-01   1.3119718991977765e+00   3.8274306572216439e+01
   2.3600000000000003e+00  -1.2525693000000000e+00   1.7311956875000001e-01   1.3293309957742474e+00   3.9662800518521067e+01
   2.3650000000000002e+00  -1.2462651124999999e+00   1.6995514062500000e-01   1.2990489812799884e+00   3.9778046517811184e+01
   2.3700000000000001e+00  -1.2412175562500001e+00   1.5906143750000001e-01   1.2547179206287664e+00   3.5468769749061181e+01
   2.3750000000000000e+00  -1.2318647874999999e+00   1.4493719687500001e-01   1.2061347248770524e+00   2.9593571926594496e+01
   2.3799999999999999e+00  -1.2276841000000001e+00   1.4210323437500000e-01   1.2176489629996232e+00   2.6920597116301867e+01
   2.3850000000000002e+00  -1.2207791500000000e+00   1.3268423437499999e-01   1.1978856008287830e+00   2.7728324649055960e+01
   2.3900000000000001e+00  -1.2171261499999999e+00   1.4379906249999999e-01   1.1902832253526474e+00   2.7280983580282427e+01
   2.3950000000000000e+00  -1.2092607875000001e+00   1.3180848749999999e-01   1.1141348347035620e+00   2.4857609634429650e+01
   2.3999999999999999e+00  -1.2053019187500000e+00   1.2671969375000000e-01   1.1641712210829509e+00   2.4581338065333231e+01
