   2.1000000000000001e+00  -1.4128959999999999e+00   7.0171999999999998e-02   2.8485094748300220e+01   1.0047455314285711e+01
   2.1050000000000000e+00  -1.3858440000000001e+00   7.8932000000000002e-02   3.1126355784496436e+01   1.0417483021377668e+01
   2.1099999999999999e+00  -1.4155599999999999e+00   3.8233999999999997e-02   3.3784322903797616e+01   2.5499603981042673e+00
   2.1150000000000002e+00  -1.4056800000000000e+00   1.4776200000000000e-01   2.9414003543305597e+01   1.0335034307328604e+01
   2.1200000000000001e+00  -1.3938560000000000e+00   2.2564000000000001e-02   2.7298480028480203e+01   8.9333350943396272e-01
   2.1250000000000000e+00  -1.3932359999999999e+00   1.7468600000000001e-01   3.2725226527889212e+01   1.9040072489411777e+01
   2.1299999999999999e+00  -1.3968640000000001e+00   1.4133799999999999e-01   2.9245757905178166e+01   9.0006335962441213e+00
   2.1350000000000002e+00  -1.3922800000000000e+00   2.1129200000000001e-01   3.2512174804885952e+01   2.8713268084309128e+01
   2.1400000000000001e+00  -1.3699319999999999e+00   9.2146000000000006e-02   2.4040506978775905e+01   4.4998536635513977e+00
   2.1450000000000000e+00  -1.3565199999999999e+00   9.0326000000000004e-02   2.1526476382979283e+01   3.2281050069930060e+00
   2.1499999999999999e+00  -1.3797960000000000e+00   1.3018199999999999e-01   2.5216757996756041e+01   9.3008338418604684e+00
   2.1550000000000002e+00  -1.3551240000000000e+00   4.6688000000000000e-02   2.5035446243291233e+01   4.5719881948955923e+00
   2.1600000000000001e+00  -1.3549040000000001e+00   1.2349400000000001e-01   2.1346801234567629e+01   1.2249516499999995e+01
   2.1650000000000000e+00  -1.3505959999999999e+00   9.4392000000000004e-02   2.3769284350549334e+01   6.9860837690531241e+00
   2.1699999999999999e+00  -1.3593720000000000e+00   1.3496200000000000e-01   3.0296266253265568e+01   1.5879346341013839e+01
   2.1750000000000003e+00  -1.3319840000000001e+00   4.8446000000000003e-02   2.2420032329765956e+01   5.3413070528735629e+00
   2.1800000000000002e+00  -1.3248599999999999e+00   1.1773400000000001e-01   1.8887240972981648e+01   1.7864528642201844e+01
   2.1850000000000001e+00  -1.3110320000000000e+00   1.1928000000000000e-01   1.7760142800140883e+01   1.4609545080091536e+01
   2.1899999999999999e+00  -1.3212360000000001e+00   2.3085999999999999e-02   2.1479552769958719e+01   1.6938420273972599e+00
   2.1950000000000003e+00  -1.3239040000000000e+00   1.1913400000000000e-01   1.9016476635135074e+01   7.0932849384965957e+00
   2.2000000000000002e+00  -1.3090679999999999e+00   8.1696000000000005e-02   1.8208714413222939e+01   1.0094805381818176e+01
   2.2050000000000001e+00  -1.3295560000000000e+00   1.1512000000000000e-01   2.3099832814517292e+01   1.1316770975056681e+01
   2.2100000000000000e+00  -1.3341799999999999e+00   1.0769800000000000e-01   2.3271971499355342e+01   1.3219447945701358e+01
   2.2150000000000003e+00  -1.3189599999999999e+00   5.5919999999999997e-02   2.2704465449505395e+01   7.9673137697516889e+00
   2.2200000000000002e+00  -1.3070600000000001e+00   1.1396600000000000e-01   1.8105409463517567e+01   1.3386796594594585e+01
   2.2250000000000001e+00  -1.2982840000000000e+00   5.6981999999999998e-02   1.6745213673020565e+01   7.7378915775280861e+00
   2.2300000000000000e+00  -1.3054640000000000e+00   7.8866000000000006e-02   1.6770326980233069e+01   1.9799427982062756e+00
   2.2350000000000003e+00  -1.2944119999999999e+00   3.3584000000000003e-02   1.6265283457702207e+01   1.4970512035794188e+00
   2.2400000000000002e+00  -1.2717920000000000e+00   3.0519999999999999e-02   1.6933517091836876e+01   2.8807107142857138e+00
   2.2450000000000001e+00  -1.2963359999999999e+00   1.9557999999999999e-02   1.9388517922033778e+01   8.8558857906458777e-01
   2.2500000000000000e+00  -1.2878559999999999e+00   1.5148600000000001e-01   1.9850338101728465e+01   2.0832285351111139e+01
   2.2549999999999999e+00  -1.2623880000000001e+00   7.0812000000000000e-02   1.4874454807990421e+01   4.4200685410199538e+00
   2.2600000000000002e+00  -1.2670560000000000e+00   1.9748000000000002e-02   1.7330074524238661e+01   9.7942874336283203e-01
   2.2650000000000001e+00  -1.2655080000000001e+00   7.5018000000000001e-02   1.4304850052385829e+01   2.2744303576158984e+00
   2.2700000000000000e+00  -1.2814680000000001e+00   3.1992000000000000e-02   1.3507504077315614e+01   1.0924825374449334e+00
   2.2749999999999999e+00  -1.2521400000000000e+00   8.5755999999999999e-02   1.2979891703900702e+01   2.4408811604395599e+00
   2.2800000000000002e+00  -1.2645280000000001e+00   7.9238000000000003e-02   1.3101839827639058e+01   3.5068796315789474e+00
   2.2850000000000001e+00  -1.2505919999999999e+00   2.5878000000000002e-02   1.2567616097754680e+01   2.6670245776805261e+00
   2.2900000000000000e+00  -1.2449640000000000e+00   2.7210000000000002e-02   1.3955865647108535e+01   9.9274890829694251e-01
   2.2949999999999999e+00  -1.2679400000000001e+00   8.5851999999999998e-02   1.4066739383238302e+01   3.2660762352941197e+00
   2.3000000000000003e+00  -1.2481640000000001e+00   2.4516000000000000e-02   1.7730601708884496e+01   1.3730441043478261e+00
   2.3050000000000002e+00  -1.2367960000000000e+00   6.1226000000000003e-02   1.2013492095370076e+01   4.9012847028199555e+00
   2.3100000000000001e+00  -1.2541119999999999e+00   7.4819999999999998e-02   1.4124941166769638e+01   4.0175567099567076e+00
   2.3149999999999999e+00  -1.2426440000000001e+00   7.2389999999999996e-02   1.3371132699223720e+01   5.5228868250539991e+00
   2.3200000000000003e+00  -1.2025480000000000e+00   3.8781999999999997e-02   7.5074890309155151e+00   2.2138244655172405e+00
   2.3250000000000002e+00  -1.2527680000000001e+00   5.9648000000000000e-02   1.3706757268585871e+01   3.7326042838709665e+00
   2.3300000000000001e+00  -1.2185919999999999e+00   2.5616000000000000e-02   1.2719780316454665e+01   2.5043216480686694e+00
   2.3350000000000000e+00  -1.1989399999999999e+00   3.7615999999999997e-02   1.1288698467139737e+01   1.4291346638115625e+00
   2.3399999999999999e+00  -1.2120919999999999e+00   1.1076400000000000e-01   1.2329752969537392e+01   4.6773414700854525e+00
   2.3450000000000002e+00  -1.1979519999999999e+00   4.4159999999999998e-02   1.0647567697909894e+01   2.5287607675906170e+00
   2.3500000000000001e+00  -1.2054279999999999e+00   1.9708000000000000e-02   1.0076035157989841e+01   9.2128823829787232e-01
   2.3550000000000000e+00  -1.1939640000000000e+00   2.7689999999999999e-02   1.1259276155444981e+01   1.4277753715498944e+00
   2.3600000000000003e+00  -1.1930000000000001e+00   6.2850000000000003e-02   8.7587331226660048e+00   6.2947334745762689e+00
   2.3650000000000002e+00  -1.1699720000000000e+00   3.4375999999999997e-02   7.4003660070889685e+00   1.7144702917547572e+00
   2.3700000000000001e+00  -1.1773279999999999e+00   7.8104000000000007e-02   8.5983763570650247e+00   3.4247408607594947e+00
   2.3750000000000000e+00  -1.1717280000000001e+00   8.4991999999999998e-02   7.0555238399996982e+00   8.9854414147368438e+00
   2.3799999999999999e+00  -1.1748760000000000e+00   5.8299999999999998e-02   7.9413978956288833e+00   1.1325126050420162e+00
   2.3850000000000002e+00  -1.1501479999999999e+00   4.8082000000000000e-02   7.0576373051349863e+00   4.8558728553459112e+00
   2.3900000000000001e+00  -1.1806000000000001e+00   1.8650600000000001e-01   9.6285569230232646e+00   1.1189035832635984e+01
   2.3950000000000000e+00  -1.1647520000000000e+00   9.2088000000000003e-02   8.6118915032621590e+00   1.1442526329853864e+01
   2.3999999999999999e+00  -1.1460920000000001e+00   5.2838000000000003e-02   6.2715714166667826e+00   2.5380723166666650e+00
