   2.1000000000000001e+00  -1.3932888888888888e+00   2.4298888888888889e-01   9.7716285210381084e+00   1.4827182857142873e+01
   2.1050000000000000e+00  -1.4210555555555555e+00   3.2099444444444447e-01   1.4280866792170666e+01   4.1101528582739547e+01
   2.1099999999999999e+00  -1.3741888888888889e+00   5.5544444444444445e-02   8.5851891117550210e+00   1.4565769352290681e+00
   2.1150000000000002e+00  -1.3909333333333334e+00   1.3525555555555555e-01   1.0873541423320999e+01   9.7950346204360308e+00
   2.1200000000000001e+00  -1.4185777777777777e+00   1.2695555555555554e-01   1.4001979352082538e+01   6.5397534591194937e+00
   2.1250000000000000e+00  -1.3914555555555554e+00   1.1106666666666666e-01   8.7278715816993806e+00   5.3741247581699341e+00
   2.1299999999999999e+00  -1.3431777777777778e+00   7.2394444444444442e-02   8.6023108289803965e+00   7.9520573291601462e+00
   2.1350000000000002e+00  -1.3599555555555556e+00   3.1582222222222223e-01   1.1756465534525065e+01   5.2429148894093132e+01
   2.1400000000000001e+00  -1.3664000000000001e+00   1.3862222222222223e-01   9.6157281082287742e+00   2.5075958463135994e+00
   2.1450000000000000e+00  -1.3459000000000001e+00   3.5672222222222223e-02   9.8054613676061564e+00   1.0377238539238542e+00
   2.1499999999999999e+00  -1.3542555555555555e+00   1.9876666666666667e-01   8.6191369268675402e+00   2.5320473385013060e+00
   2.1550000000000002e+00  -1.3799777777777777e+00   1.8551111111111110e-01   1.0572820487974536e+01   1.6494588089713840e+01
   2.1600000000000001e+00  -1.3865666666666667e+00   2.2129444444444443e-01   1.2128297801401853e+01   8.4093421296296302e+00
   2.1650000000000000e+00  -1.3429333333333333e+00   5.5261111111111108e-02   8.1624703552975451e+00   1.1516495252758536e+00
   2.1699999999999999e+00  -1.3539111111111111e+00   9.6866666666666670e-02   8.5826787572470025e+00   2.0416028673835109e+00
   2.1750000000000003e+00  -1.3401444444444444e+00   3.3916666666666664e-02   6.5690667841044430e+00   6.4094380587484057e-01
   2.1800000000000002e+00  -1.3355222222222223e+00   1.7005555555555554e-01   9.7251345285190371e+00   4.8916258919469824e+00
   2.1850000000000001e+00  -1.3610444444444445e+00   1.1673333333333333e-01   7.3182757643618723e+00   1.1686883295194497e+00
   2.1899999999999999e+00  -1.3346555555555555e+00   2.0466111111111110e-01   8.9939500844435738e+00   4.8453890360223241e+01
   2.1950000000000003e+00  -1.3493333333333333e+00   3.5154999999999997e-01   1.0795184057090804e+01   2.8792845304986106e+01
   2.2000000000000002e+00  -1.3155777777777777e+00   2.3948333333333333e-01   1.0288006978879807e+01   2.4327315707070703e+01
   2.2050000000000001e+00  -1.3135222222222223e+00   8.4261111111111106e-02   7.8017799853625753e+00   1.8102902998236359e+00
   2.2100000000000000e+00  -1.3299555555555556e+00   5.2861111111111109e-02   9.6991720526241139e+00   3.2505718954248359e+00
   2.2150000000000003e+00  -1.3115111111111111e+00   2.0036111111111110e-01   7.0206232558300394e+00   9.2657273639327844e+00
   2.2200000000000002e+00  -1.3243111111111112e+00   1.8804999999999999e-01   7.4702861419976463e+00   2.7467116616616627e+00
   2.2250000000000001e+00  -1.3088222222222223e+00   1.1946666666666667e-01   8.9257923326178741e+00   7.0814773533083679e+00
   2.2300000000000000e+00  -1.2748777777777778e+00   9.7150000000000000e-02   7.1317187154374899e+00   3.1346452914798193e+00
   2.2350000000000003e+00  -1.3169777777777778e+00   1.0376111111111111e-01   6.8942654457230690e+00   6.4334064628386747e+00
   2.2400000000000002e+00  -1.2732888888888889e+00   5.9600000000000000e-02   4.5238612528344069e+00   2.5805960317460310e+00
   2.2450000000000001e+00  -1.3038444444444444e+00   8.2449999999999996e-02   8.2198079043917858e+00   4.8091471912892851e+00
   2.2500000000000000e+00  -1.2781000000000000e+00   2.6071111111111112e-01   7.5116035336078193e+00   3.1372800790123470e+01
   2.2549999999999999e+00  -1.2648555555555556e+00   5.5172222222222220e-02   5.9381620870434704e+00   3.7141137718649917e+00
   2.2600000000000002e+00  -1.2600222222222222e+00   1.3441111111111112e-01   5.4394928690144457e+00   3.0644131760078697e+00
   2.2650000000000001e+00  -1.2868777777777778e+00   1.1537222222222222e-01   6.8858785379240111e+00   6.6504297767966696e+00
   2.2700000000000000e+00  -1.2438333333333333e+00   1.3576666666666667e-01   6.1723581758708095e+00   3.7460869309838456e+00
   2.2749999999999999e+00  -1.2898111111111110e+00   2.9509999999999997e-01   5.7618300312631847e+00   1.4256765616605637e+01
   2.2800000000000002e+00  -1.2637666666666667e+00   1.0037777777777777e-01   6.3018346670768182e+00   6.8829423001949293e+00
   2.2850000000000001e+00  -1.2411111111111111e+00   5.0361111111111113e-02   4.4459213222099008e+00   2.7681047896912232e+00
   2.2900000000000000e+00  -1.2571555555555556e+00   1.5159444444444445e-01   6.5982014920470959e+00   1.2876949587578839e+01
   2.2949999999999999e+00  -1.2436333333333334e+00   6.8061111111111114e-02   5.7838065659035349e+00   1.1098571290244488e+00
   2.3000000000000003e+00  -1.2582222222222221e+00   1.9546111111111111e-01   5.6427641251836267e+00   1.4205787971014491e+01
   2.3050000000000002e+00  -1.2658222222222222e+00   2.0895555555555556e-01   5.4795671643430222e+00   2.0243579464931305e+01
   2.3100000000000001e+00  -1.2463444444444445e+00   2.1968888888888888e-01   3.5073521444084128e+00   3.9721820105820047e+00
   2.3149999999999999e+00  -1.2161111111111111e+00   4.3972222222222225e-02   5.0179477650427433e+00   1.2106203503719695e+00
   2.3200000000000003e+00  -1.2706333333333333e+00   2.4365555555555554e-01   6.3925758851896699e+00   6.0519461685823828e+00
   2.3250000000000002e+00  -1.1992444444444443e+00   3.6105555555555557e-02   4.0638635988747192e+00   8.9535479091995240e-01
   2.3300000000000001e+00  -1.2150333333333334e+00   5.8994444444444447e-02   5.2028621308592937e+00   9.9613443013829239e-01
   2.3350000000000000e+00  -1.2121888888888890e+00   5.5055555555555559e-02   4.6924525512264337e+00   3.0180394955983822e+00
   2.3399999999999999e+00  -1.2286999999999999e+00   3.0227777777777777e-02   5.2386272027014913e+00   6.5255550807217466e-01
   2.3450000000000002e+00  -1.1888777777777777e+00   9.5699999999999993e-02   5.0762533358187589e+00   4.3163290215588752e+00
   2.3500000000000001e+00  -1.2329666666666668e+00   1.5730000000000000e-01   5.1359035058596216e+00   1.9644540898345209e+00
   2.3550000000000000e+00  -1.1871888888888888e+00   1.1560555555555556e-01   4.6487181559966659e+00   1.5452966218447743e+01
   2.3600000000000003e+00  -1.1840444444444445e+00   5.0655555555555558e-02   4.0731673529314900e+00   2.3533086629001865e+00
   2.3650000000000002e+00  -1.1741777777777778e+00   8.3027777777777784e-02   3.0198935319067810e+00   3.2978188865398175e+00
   2.3700000000000001e+00  -1.1963777777777778e+00   9.3844444444444439e-02   3.3544579948211788e+00   4.9554306610407899e+00
   2.3750000000000000e+00  -1.1528000000000000e+00   4.4583333333333336e-02   2.5270246155739344e+00   1.1314748538011696e+00
   2.3799999999999999e+00  -1.1585444444444444e+00   5.0244444444444446e-02   2.4783669546250140e+00   1.3889105508870221e+00
   2.3850000000000002e+00  -1.1821777777777778e+00   7.0311111111111116e-02   3.5452718554558524e+00   1.3087288143489395e+00
   2.3900000000000001e+00  -1.1708222222222222e+00   5.9538888888888891e-02   3.2200902178415869e+00   2.6412092515109258e+00
   2.3950000000000000e+00  -1.1566666666666667e+00   4.9599999999999998e-02   3.9482549132698055e+00   2.2029513337972624e+00
   2.3999999999999999e+00  -1.1573777777777778e+00   7.2555555555555554e-02   3.2347919753085059e+00   1.5611018518518534e+00
