   2.1000000000000001e+00  -1.4299187499999999e+00   1.4298437500000000e-01   2.1713216043084273e+01   1.7583712797619055e+00
   2.1050000000000000e+00  -1.3995124999999999e+00   1.5246562499999999e-01   2.1920047618779286e+01   1.0022410302850364e+01
   2.1099999999999999e+00  -1.3913812500000000e+00   2.2714999999999999e-01   2.4122136688304082e+01   2.3782898578199045e+01
   2.1150000000000002e+00  -1.3738750000000000e+00   2.0366250000000000e-01   1.7292613271186294e+01   1.8456324349881768e+01
   2.1200000000000001e+00  -1.3965937500000001e+00   1.6518437499999999e-01   1.8632658141242104e+01   4.1793991450471504e+00
   2.1250000000000000e+00  -1.3923250000000000e+00   1.2047500000000000e-01   1.8097905384083521e+01   4.5512792941176521e+00
   2.1299999999999999e+00  -1.3801312500000000e+00   4.6190624999999999e-02   1.5660828925036856e+01   3.3665122946009398e+00
   2.1350000000000002e+00  -1.4176500000000001e+00   8.7421874999999996e-02   2.3744243866856706e+01   9.6777890807962521e+00
   2.1400000000000001e+00  -1.3615562500000000e+00   1.9389375000000000e-01   1.6402758919993857e+01   1.9819523481308387e+01
   2.1450000000000000e+00  -1.3513687500000000e+00   7.7912499999999996e-02   1.4801002983030472e+01   3.6327090909090916e+00
   2.1499999999999999e+00  -1.3881874999999999e+00   1.0248750000000000e-01   2.2912358031368409e+01   7.8923541860465143e+00
   2.1550000000000002e+00  -1.3725062500000000e+00   1.5529062499999999e-01   1.5877697632979759e+01   1.0860593126450111e+01
   2.1600000000000001e+00  -1.3792374999999999e+00   2.4859375000000000e-02   1.8237907021604759e+01   7.3744429976851855e-01
   2.1650000000000000e+00  -1.3516125000000001e+00   2.5743749999999999e-02   1.5524614030690234e+01   1.3013786374133953e+00
   2.1699999999999999e+00  -1.3414750000000000e+00   2.1567812500000000e-01   1.2597300006370316e+01   4.5955593634792628e+01
   2.1750000000000003e+00  -1.3339187500000000e+00   6.6668749999999999e-02   1.2946205363984301e+01   8.8382541379310329e+00
   2.1800000000000002e+00  -1.3303250000000000e+00   1.4838750000000001e-01   1.5256433381028454e+01   9.9244766055045979e+00
   2.1850000000000001e+00  -1.3192187500000001e+00   3.8678125000000001e-02   1.2124076420780355e+01   2.6734488272311210e+00
   2.1899999999999999e+00  -1.3576874999999999e+00   8.8374999999999995e-02   1.2717056566793445e+01   7.7614611872146089e+00
   2.1950000000000003e+00  -1.3193437500000000e+00   9.7484374999999998e-02   1.3394164361953615e+01   3.7604634111617341e+00
   2.2000000000000002e+00  -1.3097000000000001e+00   1.1213750000000000e-01   1.5555469834710918e+01   6.6482825000000041e+00
   2.2050000000000001e+00  -1.3304374999999999e+00   1.0587812500000000e-01   1.9914197273769712e+01   1.3114295323129253e+01
   2.2100000000000000e+00  -1.3115874999999999e+00   1.0381250000000000e-01   1.3746764194017512e+01   4.8193495475113126e+00
   2.2150000000000003e+00  -1.3371124999999999e+00   2.0243750000000001e-02   1.3201828085748197e+01   8.0608679458239263e-01
   2.2200000000000002e+00  -1.3083499999999999e+00   1.0103125000000000e-01   1.0328235532829742e+01   4.2337753378378320e+00
   2.2250000000000001e+00  -1.3050812500000000e+00   2.9137500000000000e-02   1.2473219593485759e+01   7.6321415730337083e-01
   2.2300000000000000e+00  -1.3038500000000000e+00   2.2374062500000000e-01   1.2752747089223579e+01   3.8154481249999989e+01
   2.2350000000000003e+00  -1.3123937500000000e+00   1.1797500000000000e-01   1.3040133877853512e+01   1.0095668232662190e+01
   2.2400000000000002e+00  -1.2878937500000001e+00   7.6193750000000005e-02   1.0865061533402285e+01   2.3912577008928588e+00
   2.2450000000000001e+00  -1.2666187499999999e+00   1.0524062500000000e-01   1.0149355360340582e+01   1.3551797633630292e+01
   2.2500000000000000e+00  -1.2909437500000001e+00   2.9563437500000000e-01   1.2104320938270769e+01   5.8054880305555578e+01
   2.2549999999999999e+00  -1.2838000000000001e+00   5.0150000000000000e-02   9.3143660060669227e+00   3.0485170731707325e+00
   2.2600000000000002e+00  -1.3118125000000000e+00   1.8324062499999999e-01   1.4871421998590407e+01   2.0047354286504426e+01
   2.2650000000000001e+00  -1.2599812500000001e+00   3.1840624999999997e-02   1.0649508111242747e+01   2.0033548289183223e+00
   2.2700000000000000e+00  -1.2630874999999999e+00   3.6168750000000000e-02   1.1150166120048610e+01   1.2683128854625549e+00
   2.2749999999999999e+00  -1.2415875000000001e+00   3.8346875000000002e-02   1.0441477309503746e+01   2.9781170054945059e+00
   2.2800000000000002e+00  -1.2637000000000000e+00   1.1390000000000000e-01   1.0283555324715246e+01   2.1522010964912255e+00
   2.2850000000000001e+00  -1.2628750000000000e+00   1.6859374999999999e-01   1.0724274475817696e+01   7.2298112691466088e+00
   2.2900000000000000e+00  -1.2552250000000000e+00   4.7693750000000000e-02   1.0307664994947054e+01   2.7717346069868989e+00
   2.2949999999999999e+00  -1.2558125000000000e+00   1.1633125000000000e-01   8.2876054319089754e+00   1.0646860675381268e+01
   2.3000000000000003e+00  -1.2117374999999999e+00   2.5059374999999998e-02   7.6456765595463478e+00   7.0772660326086967e-01
   2.3050000000000002e+00  -1.2455812500000001e+00   3.6715625000000002e-02   1.1084770493268968e+01   1.4988963937093280e+00
   2.3100000000000001e+00  -1.2291624999999999e+00   8.9953124999999995e-02   7.5464311013658936e+00   4.7655323322510785e+00
   2.3149999999999999e+00  -1.2350812499999999e+00   6.2556249999999994e-02   9.2241943098113275e+00   3.4369998920086382e+00
   2.3200000000000003e+00  -1.2209937500000001e+00   9.0562500000000004e-02   9.1020185697831302e+00   5.6824299568965495e+00
   2.3250000000000002e+00  -1.2414125000000000e+00   1.3748125000000000e-01   8.1972724708058387e+00   9.9532087096774191e+00
   2.3300000000000001e+00  -1.2184687500000000e+00   5.5159374999999997e-02   7.1999518779128415e+00   2.5538653165236052e+00
   2.3350000000000000e+00  -1.2154687500000001e+00   1.1684375000000000e-01   7.2299141634836985e+00   2.1681236616702395e+00
   2.3399999999999999e+00  -1.2045500000000000e+00   2.4068750000000000e-02   5.3995277229891947e+00   6.1708322649572667e-01
   2.3450000000000002e+00  -1.1968437500000000e+00   6.1025000000000003e-02   6.7326605625542859e+00   4.7928149253731327e+00
   2.3500000000000001e+00  -1.1746624999999999e+00   3.5093750000000000e-02   6.4372966953371122e+00   1.0911090425531920e+00
   2.3550000000000000e+00  -1.1769125000000000e+00   3.7162500000000001e-02   5.6713035011563795e+00   2.6667286624203821e+00
   2.3600000000000003e+00  -1.1995812500000000e+00   5.0587500000000001e-02   5.9581752280234941e+00   2.8572896186440682e+00
   2.3650000000000002e+00  -1.2024999999999999e+00   1.5799062500000000e-01   7.4064426158432148e+00   5.8575066331923953e+00
   2.3700000000000001e+00  -1.1880812500000000e+00   5.4274999999999997e-02   5.8587944862822603e+00   1.3817082278481005e+00
   2.3750000000000000e+00  -1.1732875000000000e+00   3.8087500000000003e-02   4.8549994016622406e+00   1.3829330526315793e+00
   2.3799999999999999e+00  -1.1499874999999999e+00   3.5103124999999999e-02   4.9233279782500459e+00   2.8075580619747900e+00
   2.3850000000000002e+00  -1.1751687500000001e+00   1.0729374999999999e-01   6.4039736033649222e+00   8.1508397274633140e+00
   2.3900000000000001e+00  -1.1635062500000000e+00   9.0628125000000004e-02   7.1976146688609326e+00   5.0155203713389120e+00
   2.3950000000000000e+00  -1.1726187500000000e+00   3.6003124999999997e-02   6.4066726958129347e+00   1.4965098903966605e+00
   2.3999999999999999e+00  -1.1511187500000000e+00   7.1243749999999995e-02   4.6536831163195735e+00   2.3819165625000021e+00
