   2.1000000000000001e+00  -1.4126500000000000e+00   5.4037500000000002e-02   5.3582684807257639e+00   6.9266321428571476e-01
   2.1050000000000000e+00  -1.3917750000000000e+00   1.1367500000000000e-01   5.1492959303997683e+00   4.1981667458432312e+00
   2.1099999999999999e+00  -1.3419250000000000e+00   7.9837500000000006e-02   4.9248604029559395e+00   1.7247785545023702e+00
   2.1150000000000002e+00  -1.4522750000000000e+00   6.1286249999999998e-01   9.7053510610354152e+00   3.1906720921985784e+01
   2.1200000000000001e+00  -1.3274500000000000e+00   9.2825000000000005e-02   2.8120763616944799e+00   4.2594014150943389e+00
   2.1250000000000000e+00  -1.4020999999999999e+00   2.9925000000000000e-02   4.2453356955016099e+00   5.4293694117647040e-01
   2.1299999999999999e+00  -1.3929750000000001e+00   3.4770000000000001e-01   7.1963541184507633e+00   3.3228467605633782e+01
   2.1350000000000002e+00  -1.4244500000000000e+00   3.1690000000000002e-01   5.8956975577116779e+00   1.3288746604215445e+01
   2.1400000000000001e+00  -1.4272750000000001e+00   4.1396250000000001e-01   5.6117606341166324e+00   1.1233949883177557e+01
   2.1450000000000000e+00  -1.3978500000000000e+00   1.9825000000000001e-01   4.7900639531410087e+00   8.3515850815850818e+00
   2.1499999999999999e+00  -1.3677500000000000e+00   8.2125000000000004e-02   2.8316495402920348e+00   1.2269883720930221e+00
   2.1550000000000002e+00  -1.3480500000000000e+00   3.2151249999999998e-01   6.5118762280565283e+00   1.5212396635730880e+01
   2.1600000000000001e+00  -1.3526000000000000e+00   6.4424999999999996e-02   3.7986505486969060e+00   1.6142458333333334e+00
   2.1650000000000000e+00  -1.3162499999999999e+00   1.4472499999999999e-01   3.5333699577041502e+00   3.5585353348729791e+00
   2.1699999999999999e+00  -1.3751000000000000e+00   3.1027500000000002e-01   4.2787453545415008e+00   1.1400405069124423e+01
   2.1750000000000003e+00  -1.3163499999999999e+00   9.8787500000000000e-02   4.0427393843309716e+00   3.9538955172413783e+00
   2.1800000000000002e+00  -1.3369249999999999e+00   1.2827500000000000e-01   3.6487608366299460e+00   3.3658665137614667e+00
   2.1850000000000001e+00  -1.3212999999999999e+00   1.1031249999999999e-01   3.8348624122240067e+00   2.2693907322654465e+00
   2.1899999999999999e+00  -1.3770249999999999e+00   4.6652500000000002e-01   5.9283040386981698e+00   1.8529396803652954e+01
   2.1950000000000003e+00  -1.3353250000000001e+00   3.9037500000000003e-01   5.4780394456234420e+00   3.6966207289293827e+01
   2.2000000000000002e+00  -1.3567250000000000e+00   2.0413750000000000e-01   5.0590783057850777e+00   1.9601294318181810e+00
   2.2050000000000001e+00  -1.3663749999999999e+00   4.9206250000000001e-01   6.3279549159044626e+00   3.2747151360544237e+01
   2.2100000000000000e+00  -1.3199749999999999e+00   4.0667500000000001e-01   4.3379740382056395e+00   1.4154846606334853e+01
   2.2150000000000003e+00  -1.3192750000000000e+00   1.4732500000000001e-01   3.1224534137752200e+00   8.1991878103837443e+00
   2.2200000000000002e+00  -1.3026000000000000e+00   1.2408750000000000e-01   2.8377940102265571e+00   4.0515733108108121e+00
   2.2250000000000001e+00  -1.2770500000000000e+00   1.3873750000000001e-01   3.0867367251609790e+00   6.9057864044943846e+00
   2.2300000000000000e+00  -1.2983000000000000e+00   9.7750000000000004e-02   2.2853819702787996e+00   1.8336322869955151e+00
   2.2350000000000003e+00  -1.2303999999999999e+00   1.2091250000000001e-01   3.0328451671345671e+00   4.8051645413870245e+00
   2.2400000000000002e+00  -1.2549999999999999e+00   2.1008750000000001e-01   3.5354751275510035e+00   3.7434878348214302e+00
   2.2450000000000001e+00  -1.2996000000000001e+00   1.0501249999999999e-01   2.5906903239567205e+00   3.4367816258351884e+00
   2.2500000000000000e+00  -1.2615499999999999e+00   6.8324999999999997e-02   2.9650085925925982e+00   1.4766048888888892e+00
   2.2549999999999999e+00  -1.2456750000000001e+00   1.0612500000000000e-01   1.7697004439506807e+00   4.2004545454545434e+00
   2.2600000000000002e+00  -1.2476750000000001e+00   1.0111249999999999e-01   2.2593490093194841e+00   7.7265242256637148e+00
   2.2650000000000001e+00  -1.2318750000000001e+00   5.3962499999999997e-02   1.9832414757637515e+00   9.6353322295805743e-01
   2.2700000000000000e+00  -1.2538750000000001e+00   7.1199999999999999e-02   2.6896068233421211e+00   1.3059453744493388e+00
   2.2749999999999999e+00  -1.2841250000000000e+00   1.2922500000000001e-01   3.4734887090932127e+00   1.3090281318681314e+00
   2.2800000000000002e+00  -1.2734749999999999e+00   3.1867499999999999e-01   5.3543357571560675e+00   1.9596487280701748e+01
   2.2850000000000001e+00  -1.2605000000000000e+00   2.2389999999999999e-01   1.9298919314911995e+00   3.7594371991247217e+00
   2.2900000000000000e+00  -1.3197749999999999e+00   4.7537499999999999e-01   5.2736254076010551e+00   3.4453242358078619e+01
   2.2949999999999999e+00  -1.2636499999999999e+00   3.3116250000000003e-01   2.4145098988518598e+00   1.1975299673202601e+01
   2.3000000000000003e+00  -1.2569750000000000e+00   2.2387499999999999e-01   2.7911642722116796e+00   3.7234239130434807e+00
   2.3050000000000002e+00  -1.2704500000000001e+00   1.7133750000000000e-01   2.6338434319431916e+00   6.7300922993492458e+00
   2.3100000000000001e+00  -1.2129749999999999e+00   1.5384999999999999e-01   2.2062440733869306e+00   9.5066597402597424e+00
   2.3149999999999999e+00  -1.2411749999999999e+00   1.4643750000000000e-01   2.2435503267729056e+00   8.4919087473002151e+00
   2.3200000000000003e+00  -1.2480500000000001e+00   2.6577499999999998e-01   3.0767159631390615e+00   1.0744650431034485e+01
   2.3250000000000002e+00  -1.2142250000000001e+00   2.2776250000000001e-01   2.4188394496473751e+00   6.6707375268817142e+00
   2.3300000000000001e+00  -1.2657000000000000e+00   4.7251250000000000e-01   3.4232010167805660e+00   1.7707285300429181e+01
   2.3350000000000000e+00  -1.2042250000000001e+00   8.2150000000000001e-02   2.5186669662385395e+00   1.5118218415417555e+00
   2.3399999999999999e+00  -1.1885250000000001e+00   2.8817500000000001e-01   1.8795417853750775e+00   6.2288764957264959e+00
   2.3450000000000002e+00  -1.1927749999999999e+00   2.9533749999999998e-01   2.8508651988306468e+00   1.6124815671641784e+01
   2.3500000000000001e+00  -1.1780250000000001e+00   6.3237500000000002e-02   1.6488653689452868e+00   8.1015095744680821e-01
   2.3550000000000000e+00  -1.2297000000000000e+00   3.6621250000000000e-01   3.1119686622400700e+00   2.8972069108280241e+01
   2.3600000000000003e+00  -1.1917000000000000e+00   7.1999999999999995e-02   2.2575366274058966e+00   1.1491101694915256e+00
   2.3650000000000002e+00  -1.2056249999999999e+00   1.2122500000000000e-01   2.5264628188567642e+00   3.9285830866807583e+00
   2.3700000000000001e+00  -1.1934000000000000e+00   2.3748749999999999e-01   2.4228852213854499e+00   9.5868880801687748e+00
   2.3750000000000000e+00  -1.1955000000000000e+00   2.0252500000000001e-01   2.6181495844875657e+00   2.5266943157894697e+00
   2.3799999999999999e+00  -1.1962250000000001e+00   1.6476250000000001e-01   2.7817772403079166e+00   3.7570103991596615e+00
   2.3850000000000002e+00  -1.1459750000000000e+00   1.3096250000000001e-01   2.1645731313370984e+00   2.6536028301886803e+00
   2.3900000000000001e+00  -1.1322000000000001e+00   2.8568749999999998e-01   2.3332672747325902e+00   7.5161584728033421e+00
   2.3950000000000000e+00  -1.1727250000000000e+00   2.0507500000000001e-01   1.6310282817805024e+00   2.6228354906054281e+00
   2.3999999999999999e+00  -1.1674249999999999e+00   9.6750000000000003e-02   1.6409880208332954e+00   1.8439583333333323e+00
