   2.10000000000000e+00   8.60939786726309e+00  -4.50004371716507e+00   9.65948469261997e-01   9.52885912570156e-01
   2.10500000000000e+00   8.58632515565164e+00  -4.48730538537457e+00   9.74567688520434e-01   9.77638329949754e-01
   2.11000000000000e+00   8.55970595773186e+00  -4.47143784446513e+00   9.89552978481118e-01   1.04227747796045e+00
   2.11500000000000e+00   8.53235329796008e+00  -4.45462067038044e+00   1.00533611840751e+00   1.10893087455671e+00
   2.12000000000000e+00   8.50666719142997e+00  -4.43898885567127e+00   1.02926770391983e+00   1.19516345281256e+00
   2.12500000000000e+00   8.48059505234617e+00  -4.42425498249633e+00   1.04046526153882e+00   1.24262102018311e+00
   2.13000000000000e+00   8.45117366789012e+00  -4.40192755487591e+00   1.07432560035906e+00   1.47751973831835e+00
   2.13500000000000e+00   8.42467791175025e+00  -4.38789953362064e+00   1.08017772875832e+00   1.40567246244335e+00
   2.14000000000000e+00   8.39505572360055e+00  -4.36585032053077e+00   1.10616994553387e+00   1.65868804773228e+00
   2.14500000000000e+00   8.36693377870834e+00  -4.34748674849874e+00   1.12050680967364e+00   1.68544638171050e+00
   2.15000000000000e+00   8.33802950635536e+00  -4.32800712682745e+00   1.14165913736234e+00   1.89075637364000e+00
   2.15500000000000e+00   8.30888294346444e+00  -4.30988108539715e+00   1.15180749665451e+00   1.91493093957594e+00
   2.16000000000000e+00   8.27907547465370e+00  -4.28786360329681e+00   1.18464481694648e+00   2.13384197827921e+00
   2.16500000000000e+00   8.24763372462350e+00  -4.26513703459220e+00   1.21016329373656e+00   2.22802130150312e+00
   2.17000000000000e+00   8.21431019971334e+00  -4.23626136790184e+00   1.24181588607643e+00   2.66993949019230e+00
   2.17500000000000e+00   8.18161389856250e+00  -4.21038247819938e+00   1.27092475119755e+00   2.89541069991425e+00
   2.18000000000000e+00   8.14913601920053e+00  -4.18402721787933e+00   1.28759325233423e+00   3.25429074809161e+00
   2.18500000000000e+00   8.11662347921477e+00  -4.16055703720481e+00   1.30151940435429e+00   3.21638245668019e+00
   2.19000000000000e+00   8.08167296551462e+00  -4.12648684694366e+00   1.35677396805384e+00   3.93830338244046e+00
   2.19500000000000e+00   8.04497173921692e+00  -4.09482678160441e+00   1.39407629221218e+00   4.66318865953875e+00
   2.20000000000000e+00   8.00641388454630e+00  -4.05484407715208e+00   1.42500233214094e+00   5.47971284050104e+00
   2.20500000000000e+00   7.97431291500658e+00  -4.03058223044786e+00   1.44228505563709e+00   5.29703530458673e+00
   2.21000000000000e+00   7.93488653601334e+00  -3.98725408511885e+00   1.49786762837630e+00   6.51125661673995e+00
   2.21500000000000e+00   7.89679882720697e+00  -3.95194304797905e+00   1.52652462543007e+00   6.82408859882904e+00
   2.22000000000000e+00   7.85678589399407e+00  -3.90646123296139e+00   1.58222873274584e+00   8.21760392694704e+00
   2.22500000000000e+00   7.81208502795504e+00  -3.84872093894905e+00   1.63972617154057e+00   1.00418195855788e+01
   2.23000000000000e+00   7.77032152028057e+00  -3.79909758803960e+00   1.68515819736984e+00   1.21087873010684e+01
   2.23500000000000e+00   7.73053848565559e+00  -3.75541837583103e+00   1.70625409019175e+00   1.19109223198054e+01
   2.24000000000000e+00   7.67806317032795e+00  -3.67072511279725e+00   1.81503066672858e+00   1.73710056401765e+01
   2.24500000000000e+00   7.63089411908096e+00  -3.58723544309055e+00   1.89208453737234e+00   2.17825046691349e+01
   2.25000000000000e+00   7.58221601840671e+00  -3.51524415330186e+00   1.94717512907540e+00   2.37844353201092e+01
   2.25500000000000e+00   7.52438712166392e+00  -3.40088566987762e+00   2.03891858121348e+00   3.09060858131752e+01
   2.26000000000000e+00   7.47964027360505e+00  -3.33607794401882e+00   2.06703596731093e+00   3.22651842349750e+01
   2.26500000000000e+00   7.43413189906421e+00  -3.26251278160865e+00   2.06829132508495e+00   3.49381343837898e+01
   2.27000000000000e+00   7.37582480427971e+00  -3.12070426692424e+00   2.18092209611848e+00   4.45816546367832e+01
   2.27500000000000e+00   7.31818010613265e+00  -3.00509846149652e+00   2.17103459811312e+00   4.65160220688276e+01
   2.28000000000000e+00   7.25717977957915e+00  -2.86748431396691e+00   2.20647018533475e+00   5.15242357820233e+01
   2.28500000000000e+00   7.20000903179191e+00  -2.71507848622563e+00   2.21502178080947e+00   5.73819925622795e+01
   2.29000000000000e+00   7.13853861693083e+00  -2.57877420177193e+00   2.19953252540029e+00   5.94882387000458e+01
   2.29500000000000e+00   7.09936409439330e+00  -2.53273540514919e+00   2.17911474240656e+00   5.82452530548520e+01
   2.30000000000000e+00   7.02370292831736e+00  -2.27942525514179e+00   2.14525983039042e+00   6.52647047109285e+01
   2.30500000000000e+00   6.97229893246660e+00  -2.16567564065633e+00   2.05083746298987e+00   6.28747914796123e+01
   2.31000000000000e+00   6.93200477738740e+00  -2.10067452440237e+00   1.99473248106241e+00   6.15795510590176e+01
   2.31500000000000e+00   6.88227470778711e+00  -1.99410106918182e+00   1.93856495265676e+00   6.08281882361698e+01
   2.32000000000000e+00   6.82108284991874e+00  -1.81290748392281e+00   1.83442591854506e+00   5.82968440105563e+01
   2.32500000000000e+00   6.77398484086365e+00  -1.70295129110651e+00   1.74538754643490e+00   5.54199667322979e+01
   2.33000000000000e+00   6.73234115465485e+00  -1.63743076336070e+00   1.69417330644053e+00   5.31034594837519e+01
   2.33500000000000e+00   6.69443484143461e+00  -1.57105391042746e+00   1.62874262320255e+00   5.04238280195975e+01
   2.34000000000000e+00   6.64413218086164e+00  -1.43679491646180e+00   1.56206147274877e+00   4.73703629103599e+01
   2.34500000000000e+00   6.60512884911350e+00  -1.35800661330688e+00   1.50217263902108e+00   4.35073352078425e+01
   2.35000000000000e+00   6.57335924480682e+00  -1.32075282863382e+00   1.45381847985070e+00   4.15465548427044e+01
   2.35500000000000e+00   6.53416065207189e+00  -1.26621319170679e+00   1.41327321110532e+00   3.88416492314000e+01
   2.36000000000000e+00   6.49737427644365e+00  -1.20390300207738e+00   1.38765852423245e+00   3.69892135267079e+01
   2.36500000000000e+00   6.45994209200889e+00  -1.14520608175496e+00   1.34456192241078e+00   3.39484120015458e+01
   2.37000000000000e+00   6.43175643764394e+00  -1.09631209466294e+00   1.30618621314719e+00   3.29196434975730e+01
   2.37500000000000e+00   6.39565174589165e+00  -1.05813668964359e+00   1.25290704421353e+00   2.97849279803842e+01
   2.38000000000000e+00   6.36096038683236e+00  -1.00652944681875e+00   1.22871554204450e+00   2.76737729120586e+01
   2.38500000000000e+00   6.33316133483208e+00  -1.00929276821682e+00   1.23087805630447e+00   2.79026125006619e+01
   2.39000000000000e+00   6.30095212998339e+00  -9.50405838953320e-01   1.19126346227595e+00   2.47858136242500e+01
   2.39500000000000e+00   6.26606077877944e+00  -8.93615301863068e-01   1.15739309249093e+00   2.27409864407065e+01
   2.40000000000000e+00   6.23776740711551e+00  -8.74033744459826e-01   1.14002034689690e+00   2.16039075665721e+01
