   2.10000000000000e+00  -1.39694800000000e+00   4.59600000000000e-02  -6.37509337073920e+07  -4.28683565523809e+04
   2.10300000000000e+00  -1.42882400000000e+00   1.75226000000000e-01  -6.61834105427200e+07  -3.81018012450785e+05
   2.10600000000000e+00  -1.42414000000000e+00   1.06584000000000e-01  -6.55846996997120e+07  -1.25998090062678e+05
   2.10900000000000e+00  -1.43218400000000e+00   1.00522000000000e-01  -6.68325868900480e+07  -2.00419029648175e+05
   2.11200000000000e+00  -1.42968400000000e+00   1.30466000000000e-01  -6.61057018977600e+07  -1.96720814219697e+05
   2.11500000000000e+00  -1.41255200000000e+00   9.84600000000000e-02  -6.49516864905600e+07  -1.30222342997636e+05
   2.11800000000000e+00  -1.42896000000000e+00   8.14260000000000e-02  -6.61794742048960e+07  -7.79239171444759e+04
   2.12100000000000e+00  -1.41906000000000e+00   4.71260000000000e-02  -6.56533353869120e+07  -3.48341505101367e+04
   2.12400000000000e+00  -1.43257200000000e+00   3.24140000000000e-02  -6.70177694000320e+07  -1.11046062485876e+04
   2.12700000000000e+00  -1.44043600000000e+00   4.81560000000000e-02  -6.73237838266240e+07  -5.39388212505877e+04
   2.13000000000000e+00  -1.41980800000000e+00   9.39320000000000e-02  -6.49798052700160e+07  -1.09192177573709e+05
   2.13300000000000e+00  -1.44962000000000e+00   6.76260000000000e-02  -6.85239649380800e+07  -5.52922579390530e+04
   2.13600000000000e+00  -1.41730000000000e+00   4.30120000000000e-02  -6.47527699283520e+07  -2.17434539850187e+04
   2.13900000000000e+00  -1.40580800000000e+00   1.34050000000000e-01  -6.41617137656640e+07  -2.15041310043946e+05
   2.14200000000000e+00  -1.39171200000000e+00   2.48340000000000e-02  -6.27158028356800e+07  -1.04146748085901e+04
   2.14500000000000e+00  -1.40666800000000e+00   5.01660000000000e-02  -6.35805394791040e+07  -4.17714172344988e+04
   2.14800000000000e+00  -1.40339600000000e+00   8.80960000000000e-02  -6.40032465454720e+07  -7.58015661638734e+04
   2.15100000000000e+00  -1.41240800000000e+00   1.30142000000000e-01  -6.46713704014720e+07  -2.08038579678289e+05
   2.15400000000000e+00  -1.39005600000000e+00   3.48820000000000e-02  -6.27367552084160e+07  -1.56600598142990e+04
   2.15700000000000e+00  -1.39748800000000e+00   1.16248000000000e-01  -6.32624370440960e+07  -1.33061770154845e+05
   2.16000000000000e+00  -1.41307600000000e+00   9.67080000000000e-02  -6.42389257555840e+07  -1.33497687085185e+05
   2.16300000000000e+00  -1.38210800000000e+00   4.44480000000000e-02  -6.20166888985600e+07  -2.00798598723994e+04
   2.16600000000000e+00  -1.36315600000000e+00   1.76220000000000e-02  -6.00218535269120e+07  -4.56911108402586e+03
   2.16900000000000e+00  -1.36810000000000e+00   2.70400000000000e-02  -6.11201154456000e+07  -1.55605122581835e+04
   2.17200000000000e+00  -1.38714000000000e+00   1.71604000000000e-01  -6.23808566321600e+07  -3.75804803539595e+05
   2.17500000000000e+00  -1.38065200000000e+00   1.53138000000000e-01  -6.22754048182720e+07  -2.67098783996322e+05
   2.17800000000000e+00  -1.34754800000000e+00   6.19240000000000e-02  -5.88014354476800e+07  -3.12141378916437e+04
   2.18100000000000e+00  -1.35543600000000e+00   1.15560000000000e-02  -5.94304208249920e+07  -1.89784218982118e+03
   2.18400000000000e+00  -1.38224000000000e+00   6.14700000000000e-02  -6.23664256261760e+07  -5.55982493846154e+04
   2.18700000000000e+00  -1.35804400000000e+00   7.40220000000000e-02  -5.94542994720000e+07  -4.10176823667124e+04
   2.19000000000000e+00  -1.35269600000000e+00   9.99620000000000e-02  -5.98576463416640e+07  -1.43707580131507e+05
   2.19300000000000e+00  -1.37269200000000e+00   2.28500000000000e-02  -6.11204456781440e+07  -6.68082040310078e+03
   2.19600000000000e+00  -1.39815200000000e+00   1.42298000000000e-01  -6.34041290324480e+07  -2.45046624160291e+05
   2.19900000000000e+00  -1.34832800000000e+00   5.85100000000000e-02  -5.95035202131840e+07  -4.91806352087312e+04
   2.20200000000000e+00  -1.35421200000000e+00   3.10960000000000e-02  -6.02711972495040e+07  -1.42161009118983e+04
   2.20500000000000e+00  -1.34247200000000e+00   8.98460000000000e-02  -5.86028587103040e+07  -1.16338899189116e+05
   2.20800000000000e+00  -1.34320800000000e+00   1.04604000000000e-01  -5.86334889040320e+07  -1.22731043137681e+05
   2.21100000000000e+00  -1.34713600000000e+00   1.23848000000000e-01  -5.93745851716160e+07  -2.15747021829037e+05
   2.21400000000000e+00  -1.35709200000000e+00   3.20960000000000e-02  -5.98172493787200e+07  -1.82705314905149e+04
   2.21700000000000e+00  -1.31786000000000e+00   3.72060000000000e-02  -5.61606623447360e+07  -2.23445322724402e+04
   2.22000000000000e+00  -1.32622400000000e+00   5.14560000000000e-02  -5.71268844806080e+07  -2.63456532648649e+04
   2.22300000000000e+00  -1.32352400000000e+00   1.06312000000000e-01  -5.75841926463360e+07  -1.13921455874044e+05
   2.22600000000000e+00  -1.34636000000000e+00   1.15180000000000e-01  -5.90604450791680e+07  -2.13310574742138e+05
   2.22900000000000e+00  -1.33312800000000e+00   1.14006000000000e-01  -5.80216595590080e+07  -1.40553985582773e+05
   2.23200000000000e+00  -1.33500000000000e+00   3.23200000000000e-02  -5.78102249201280e+07  -1.96070319605735e+04
   2.23500000000000e+00  -1.32229200000000e+00   3.73000000000000e-02  -5.70105652177280e+07  -1.89879077404922e+04
   2.23800000000000e+00  -1.32416800000000e+00   9.61760000000000e-02  -5.71652100230400e+07  -1.25816496850760e+05
   2.24100000000000e+00  -1.32910000000000e+00   9.44280000000000e-02  -5.75817904016640e+07  -8.35358140687193e+04
   2.24400000000000e+00  -1.31317600000000e+00   9.01140000000000e-02  -5.65890863703680e+07  -9.45738513903743e+04
   2.24700000000000e+00  -1.31174800000000e+00   2.11046000000000e-01  -5.66173175094080e+07  -5.98762885956386e+05
   2.25000000000000e+00  -1.31325600000000e+00   3.08300000000000e-02  -5.66151466071360e+07  -1.06063366044444e+04
   2.25300000000000e+00  -1.31559200000000e+00   5.52860000000000e-02  -5.61755881148480e+07  -2.85784448894807e+04
   2.25600000000000e+00  -1.29470800000000e+00   1.69040000000000e-01  -5.43623468404160e+07  -3.22071864095745e+05
   2.25900000000000e+00  -1.30034800000000e+00   2.26840000000000e-01  -5.55718219380160e+07  -6.22856853354582e+05
   2.26200000000000e+00  -1.30151200000000e+00   7.37840000000000e-02  -5.48913899955520e+07  -5.63743173863837e+04
   2.26500000000000e+00  -1.29142800000000e+00   7.61720000000000e-02  -5.46405500151360e+07  -7.01630510057395e+04
   2.26800000000000e+00  -1.28204000000000e+00   5.36800000000000e-02  -5.36774617232640e+07  -3.20380132310406e+04
   2.27100000000000e+00  -1.30281600000000e+00   8.59580000000000e-02  -5.54538440161280e+07  -8.13431622228093e+04
   2.27400000000000e+00  -1.29256000000000e+00   6.11420000000000e-02  -5.46987898416640e+07  -7.54048022585752e+04
   2.27700000000000e+00  -1.28331600000000e+00   2.39120000000000e-02  -5.30169942160640e+07  -1.00835783364076e+04
   2.28000000000000e+00  -1.27009600000000e+00   2.40000000000000e-02  -5.31019687367040e+07  -7.03331018245614e+03
   2.28300000000000e+00  -1.28798000000000e+00   8.91660000000000e-02  -5.42524842158400e+07  -7.79294354831362e+04
   2.28600000000000e+00  -1.28848000000000e+00   1.91706000000000e-01  -5.37664663040960e+07  -4.98235664689414e+05
   2.28900000000000e+00  -1.27696400000000e+00   4.52780000000000e-02  -5.33083872966400e+07  -4.69037376461337e+04
   2.29200000000000e+00  -1.29031200000000e+00   1.00600000000000e-01  -5.43348947809920e+07  -1.60406256788831e+05
   2.29500000000000e+00  -1.27129200000000e+00   3.34500000000000e-02  -5.22309278558720e+07  -1.94038257429194e+04
   2.29800000000000e+00  -1.27954800000000e+00   1.99198000000000e-01  -5.38555551976640e+07  -5.70056535129678e+05
   2.30100000000000e+00  -1.25845600000000e+00   4.55300000000000e-02  -5.22669565452800e+07  -4.01089412255541e+04
   2.30400000000000e+00  -1.26731600000000e+00   4.63400000000000e-02  -5.19418531223040e+07  -2.14974170625000e+04
   2.30700000000000e+00  -1.28189600000000e+00   1.41748000000000e-01  -5.39982453723520e+07  -2.40060257983528e+05
   2.31000000000000e+00  -1.25356800000000e+00   1.75442000000000e-01  -5.20399839579520e+07  -3.56238786403463e+05
   2.31300000000000e+00  -1.24580400000000e+00   1.14142000000000e-01  -5.05744014149440e+07  -2.17247963278859e+05
   2.31600000000000e+00  -1.25616000000000e+00   2.90580000000000e-02  -5.15740937679360e+07  -1.90458409637306e+04
   2.31900000000000e+00  -1.24572800000000e+00   3.76060000000000e-02  -5.07870938098880e+07  -3.11818060336352e+04
   2.32200000000000e+00  -1.22096800000000e+00   2.79680000000000e-02  -4.87434681676480e+07  -9.70771881481482e+03
   2.32500000000000e+00  -1.24189200000000e+00   3.84100000000000e-02  -4.99262829653760e+07  -2.29355620163441e+04
   2.32800000000000e+00  -1.22216800000000e+00   4.79780000000000e-02  -4.87903749591680e+07  -2.63267235360825e+04
   2.33100000000000e+00  -1.23903600000000e+00   9.75900000000000e-02  -4.99238883842880e+07  -1.00108972581725e+05
   2.33400000000000e+00  -1.24090400000000e+00   6.07540000000000e-02  -5.09676181587200e+07  -3.66241715201371e+04
   2.33700000000000e+00  -1.22222400000000e+00   2.57700000000000e-02  -4.91296075000320e+07  -6.84592378605049e+03
   2.34000000000000e+00  -1.24074400000000e+00   6.90320000000000e-02  -5.03060530674880e+07  -4.61021203076923e+04
   2.34300000000000e+00  -1.23472400000000e+00   7.14720000000000e-02  -4.97707611685120e+07  -6.19026419735382e+04
   2.34600000000000e+00  -1.24268400000000e+00   5.86800000000000e-02  -5.01582815143360e+07  -5.69538066462063e+04
   2.34900000000000e+00  -1.22031200000000e+00   2.71000000000000e-02  -4.84450061758080e+07  -8.42387486760323e+03
   2.35200000000000e+00  -1.22015600000000e+00   1.28286000000000e-01  -4.89675357665920e+07  -2.05201059459184e+05
   2.35500000000000e+00  -1.23511600000000e+00   3.27780000000000e-02  -5.03907239021440e+07  -1.73236652806794e+04
   2.35800000000000e+00  -1.20941200000000e+00   5.28860000000000e-02  -4.77790548437760e+07  -2.77982256217133e+04
   2.36100000000000e+00  -1.22365200000000e+00   2.48300000000000e-02  -4.90795815999040e+07  -7.66596130453198e+03
   2.36400000000000e+00  -1.21608800000000e+00   9.72100000000000e-02  -4.81553376025280e+07  -8.29671749306261e+04
   2.36700000000000e+00  -1.20570000000000e+00   9.84720000000000e-02  -4.80379479713600e+07  -1.64639261306295e+05
   2.37000000000000e+00  -1.20537200000000e+00   3.58400000000000e-02  -4.78710792750720e+07  -1.97902007426160e+04
   2.37300000000000e+00  -1.20157600000000e+00   5.96160000000000e-02  -4.72048087376640e+07  -3.48885556814159e+04
   2.37600000000000e+00  -1.19359200000000e+00   3.76060000000000e-02  -4.69929516786240e+07  -1.95315972828283e+04
   2.37900000000000e+00  -1.21529200000000e+00   9.30080000000000e-02  -4.85754124761280e+07  -9.16645414039512e+04
   2.38200000000000e+00  -1.19833600000000e+00   8.36440000000000e-02  -4.69298724671680e+07  -1.00779629329975e+05
   2.38500000000000e+00  -1.18323200000000e+00   6.52120000000000e-02  -4.62048983151680e+07  -4.29315735345912e+04
   2.38800000000000e+00  -1.17581600000000e+00   2.32480000000000e-02  -4.59582854453760e+07  -8.52143757118928e+03
   2.39100000000000e+00  -1.19395600000000e+00   1.23902000000000e-01  -4.68134755172800e+07  -1.98665123476370e+05
   2.39400000000000e+00  -1.18400400000000e+00   1.03426000000000e-01  -4.60728859781120e+07  -1.51648334800334e+05
   2.39700000000000e+00  -1.16886800000000e+00   4.15220000000000e-02  -4.50151994384000e+07  -2.08357093833959e+04
   2.40000000000000e+00  -1.17548000000000e+00   5.23520000000000e-02  -4.52608005123840e+07  -3.25048050400000e+04
