   2.10000000000000e+00  -1.68427500000000e+00   8.89212500000000e-01  -1.51055272190000e+07  -2.00163201895238e+06
   2.10300000000000e+00  -1.65970000000000e+00   8.76362500000000e-01  -1.45742759568000e+07  -1.92752392444127e+06
   2.10600000000000e+00  -1.59245000000000e+00   8.21850000000000e-01  -1.35469091020000e+07  -1.72174026904084e+06
   2.10900000000000e+00  -1.65712500000000e+00   8.67975000000000e-01  -1.46838582160000e+07  -1.91283095625889e+06
   2.11200000000000e+00  -1.67127500000000e+00   8.75137500000000e-01  -1.51470418828000e+07  -1.97659397249053e+06
   2.11500000000000e+00  -1.67790000000000e+00   8.85300000000000e-01  -1.49338983896000e+07  -1.96467210451537e+06
   2.11800000000000e+00  -1.66995000000000e+00   8.75562500000000e-01  -1.49497134242000e+07  -1.94014484364967e+06
   2.12100000000000e+00  -1.67905000000000e+00   8.85150000000000e-01  -1.49645780528000e+07  -1.96386988988685e+06
   2.12400000000000e+00  -1.61912500000000e+00   8.41100000000000e-01  -1.38034600202000e+07  -1.74115282356403e+06
   2.12700000000000e+00  -1.64370000000000e+00   8.65675000000000e-01  -1.43096325560000e+07  -1.86213780893277e+06
   2.13000000000000e+00  -1.62175000000000e+00   8.47525000000000e-01  -1.41034456254000e+07  -1.81709687927230e+06
   2.13300000000000e+00  -1.64767500000000e+00   8.69412500000000e-01  -1.44520002238000e+07  -1.89191238616971e+06
   2.13600000000000e+00  -1.62630000000000e+00   8.52875000000000e-01  -1.38568548024000e+07  -1.77877780559457e+06
   2.13900000000000e+00  -1.66892500000000e+00   8.82612500000000e-01  -1.48767284878000e+07  -1.94471629104722e+06
   2.14200000000000e+00  -1.65145000000000e+00   8.75025000000000e-01  -1.47131244346000e+07  -1.92517031514939e+06
   2.14500000000000e+00  -1.57030000000000e+00   7.80512500000000e-01  -1.31123178396000e+07  -1.50563982165501e+06
   2.14800000000000e+00  -1.63747500000000e+00   8.66012500000000e-01  -1.41447815230000e+07  -1.83347770921788e+06
   2.15100000000000e+00  -1.60347500000000e+00   8.36162500000000e-01  -1.37823285752000e+07  -1.76271917031613e+06
   2.15400000000000e+00  -1.63970000000000e+00   8.64237500000000e-01  -1.43954947274000e+07  -1.86237467212163e+06
   2.15700000000000e+00  -1.58517500000000e+00   8.21525000000000e-01  -1.36037705574000e+07  -1.71952883949930e+06
   2.16000000000000e+00  -1.60055000000000e+00   8.34237500000000e-01  -1.37840049512000e+07  -1.74549836416667e+06
   2.16300000000000e+00  -1.61282500000000e+00   8.52237500000000e-01  -1.39640557388000e+07  -1.81120144114655e+06
   2.16600000000000e+00  -1.57235000000000e+00   8.17962500000000e-01  -1.31261904894000e+07  -1.65064415267775e+06
   2.16900000000000e+00  -1.61235000000000e+00   8.53412500000000e-01  -1.39623805592000e+07  -1.80494799239281e+06
   2.17200000000000e+00  -1.57220000000000e+00   8.17200000000000e-01  -1.31684340026000e+07  -1.61497941793278e+06
   2.17500000000000e+00  -1.60472500000000e+00   8.39225000000000e-01  -1.36438610314000e+07  -1.71108228636782e+06
   2.17800000000000e+00  -1.59425000000000e+00   8.31837500000000e-01  -1.35049581448000e+07  -1.68972852580349e+06
   2.18100000000000e+00  -1.60207500000000e+00   8.37212500000000e-01  -1.35324852108000e+07  -1.68692370878038e+06
   2.18400000000000e+00  -1.55742500000000e+00   8.14075000000000e-01  -1.30798244772000e+07  -1.64878088436355e+06
   2.18700000000000e+00  -1.55145000000000e+00   7.97250000000000e-01  -1.30050888492000e+07  -1.59836084970279e+06
   2.19000000000000e+00  -1.59705000000000e+00   8.43775000000000e-01  -1.38788028000000e+07  -1.77775731591324e+06
   2.19300000000000e+00  -1.54220000000000e+00   8.06225000000000e-01  -1.25757804868000e+07  -1.56684311256270e+06
   2.19600000000000e+00  -1.60747500000000e+00   8.54250000000000e-01  -1.38291077806000e+07  -1.78189643463115e+06
   2.19900000000000e+00  -1.50642500000000e+00   7.53625000000000e-01  -1.21466618860000e+07  -1.39466629181446e+06
   2.20200000000000e+00  -1.55242500000000e+00   8.02600000000000e-01  -1.26458637962000e+07  -1.51387881603088e+06
   2.20500000000000e+00  -1.51942500000000e+00   7.45212500000000e-01  -1.25532148566000e+07  -1.46036333947846e+06
   2.20800000000000e+00  -1.52847500000000e+00   7.88412500000000e-01  -1.27632111644000e+07  -1.58359854316123e+06
   2.21100000000000e+00  -1.52780000000000e+00   7.89025000000000e-01  -1.24574744588000e+07  -1.50856452123474e+06
   2.21400000000000e+00  -1.50250000000000e+00   7.56987500000000e-01  -1.20926160044000e+07  -1.37737161343722e+06
   2.21700000000000e+00  -1.58575000000000e+00   8.35475000000000e-01  -1.32998502936000e+07  -1.66008494747406e+06
   2.22000000000000e+00  -1.50737500000000e+00   7.73037500000000e-01  -1.23291631040000e+07  -1.50705732759009e+06
   2.22300000000000e+00  -1.52367500000000e+00   7.83175000000000e-01  -1.22324251310000e+07  -1.44529392206478e+06
   2.22600000000000e+00  -1.55175000000000e+00   8.15912500000000e-01  -1.29011959352000e+07  -1.59750456039982e+06
   2.22900000000000e+00  -1.53072500000000e+00   7.83762500000000e-01  -1.28051863102000e+07  -1.54322449522207e+06
   2.23200000000000e+00  -1.53707500000000e+00   8.12250000000000e-01  -1.27649118356000e+07  -1.60000786046147e+06
   2.23500000000000e+00  -1.54910000000000e+00   8.12937500000000e-01  -1.30743669586000e+07  -1.63306250348993e+06
   2.23800000000000e+00  -1.54902500000000e+00   8.13487500000000e-01  -1.29375711812000e+07  -1.60556491751564e+06
   2.24100000000000e+00  -1.52015000000000e+00   7.95350000000000e-01  -1.22589669196000e+07  -1.51335860334672e+06
   2.24400000000000e+00  -1.55397500000000e+00   8.23500000000000e-01  -1.30000790714000e+07  -1.63185605098039e+06
   2.24700000000000e+00  -1.43965000000000e+00   6.73200000000000e-01  -1.12789472354000e+07  -1.14415694143302e+06
   2.25000000000000e+00  -1.50490000000000e+00   7.61662500000000e-01  -1.23728637312000e+07  -1.45312615511111e+06
   2.25300000000000e+00  -1.46137500000000e+00   7.47212500000000e-01  -1.14672798928000e+07  -1.32083670406125e+06
   2.25600000000000e+00  -1.51750000000000e+00   7.85487500000000e-01  -1.24617219386000e+07  -1.51896741110372e+06
   2.25900000000000e+00  -1.49440000000000e+00   7.63037500000000e-01  -1.18821088176000e+07  -1.39184965440460e+06
   2.26200000000000e+00  -1.52757500000000e+00   8.01212500000000e-01  -1.25609481244000e+07  -1.54551646936340e+06
   2.26500000000000e+00  -1.49162500000000e+00   7.63987500000000e-01  -1.18380122504000e+07  -1.39668611273731e+06
   2.26800000000000e+00  -1.43057500000000e+00   6.93125000000000e-01  -1.12401552988000e+07  -1.22063939636243e+06
   2.27100000000000e+00  -1.53140000000000e+00   8.14037500000000e-01  -1.23634605864000e+07  -1.53469053870542e+06
   2.27400000000000e+00  -1.45840000000000e+00   7.19525000000000e-01  -1.13766721860000e+07  -1.23977466873351e+06
   2.27700000000000e+00  -1.46630000000000e+00   7.35212500000000e-01  -1.15514461568000e+07  -1.28080186989460e+06
   2.28000000000000e+00  -1.48142500000000e+00   7.54887500000000e-01  -1.18439055962000e+07  -1.39312781942982e+06
   2.28300000000000e+00  -1.49725000000000e+00   7.76512500000000e-01  -1.22393037680000e+07  -1.46808228745072e+06
   2.28600000000000e+00  -1.47277500000000e+00   7.67150000000000e-01  -1.15042664356000e+07  -1.35092342736220e+06
   2.28900000000000e+00  -1.46650000000000e+00   7.45800000000000e-01  -1.15109542000000e+07  -1.34533369115334e+06
   2.29200000000000e+00  -1.50765000000000e+00   7.85362500000000e-01  -1.21236203156000e+07  -1.45805462050611e+06
   2.29500000000000e+00  -1.38347500000000e+00   6.64475000000000e-01  -1.03897438036000e+07  -1.09644544398693e+06
   2.29800000000000e+00  -1.43902500000000e+00   7.13987500000000e-01  -1.12853018148000e+07  -1.23684092684943e+06
   2.30100000000000e+00  -1.43555000000000e+00   7.08000000000000e-01  -1.12404883970000e+07  -1.21781582170795e+06
   2.30400000000000e+00  -1.48862500000000e+00   7.74425000000000e-01  -1.19508648042000e+07  -1.44552607339410e+06
   2.30700000000000e+00  -1.42285000000000e+00   7.06525000000000e-01  -1.07577658460000e+07  -1.11967127156480e+06
   2.31000000000000e+00  -1.40075000000000e+00   6.85350000000000e-01  -1.05959687598000e+07  -1.12672452790043e+06
   2.31300000000000e+00  -1.41430000000000e+00   6.89150000000000e-01  -1.08960627334000e+07  -1.16373967183312e+06
   2.31600000000000e+00  -1.38780000000000e+00   6.10987500000000e-01  -1.03940299316000e+07  -9.61609239140760e+05
   2.31900000000000e+00  -1.45897500000000e+00   7.48775000000000e-01  -1.13747572220000e+07  -1.28672988568348e+06
   2.32200000000000e+00  -1.41405000000000e+00   6.51625000000000e-01  -1.09539450706000e+07  -1.11109648824289e+06
   2.32500000000000e+00  -1.41657500000000e+00   7.03375000000000e-01  -1.07907673404000e+07  -1.16564641279570e+06
   2.32800000000000e+00  -1.38017500000000e+00   6.74450000000000e-01  -1.01726754786000e+07  -1.06918394969931e+06
   2.33100000000000e+00  -1.41225000000000e+00   7.10737500000000e-01  -1.07080551022000e+07  -1.17186711003861e+06
   2.33400000000000e+00  -1.40317500000000e+00   7.20987500000000e-01  -1.04749682966000e+07  -1.17692923976007e+06
   2.33700000000000e+00  -1.40717500000000e+00   6.69337500000000e-01  -1.06965190664000e+07  -1.11441363010270e+06
   2.34000000000000e+00  -1.42402500000000e+00   7.43887500000000e-01  -1.06903997394000e+07  -1.23070138732906e+06
   2.34300000000000e+00  -1.35065000000000e+00   6.40350000000000e-01  -1.00033315730000e+07  -1.03437690168587e+06
   2.34600000000000e+00  -1.39660000000000e+00   7.05250000000000e-01  -1.03775631746000e+07  -1.12092359701620e+06
   2.34900000000000e+00  -1.31717500000000e+00   5.78437500000000e-01  -9.33069513600000e+06  -7.75384452234994e+05
   2.35200000000000e+00  -1.35262500000000e+00   6.27100000000000e-01  -1.01013970394000e+07  -1.03967446415816e+06
   2.35500000000000e+00  -1.37565000000000e+00   6.61487500000000e-01  -1.03607977118000e+07  -1.11703566216560e+06
   2.35800000000000e+00  -1.37732500000000e+00   6.73400000000000e-01  -1.04339443468000e+07  -1.12955753439355e+06
   2.36100000000000e+00  -1.35617500000000e+00   6.34487500000000e-01  -9.86488979660000e+06  -9.34419592609064e+05
   2.36400000000000e+00  -1.35495000000000e+00   5.93637500000000e-01  -1.00587346652000e+07  -9.32387615693739e+05
   2.36700000000000e+00  -1.37822500000000e+00   6.90137500000000e-01  -1.04070666344000e+07  -1.14322361708914e+06
   2.37000000000000e+00  -1.29377500000000e+00   5.59812500000000e-01  -8.99353469380000e+06  -7.35981563628692e+05
   2.37300000000000e+00  -1.32022500000000e+00   5.79762500000000e-01  -9.57665442120000e+06  -8.51490124336283e+05
   2.37600000000000e+00  -1.27615000000000e+00   5.02012500000000e-01  -8.86020814820000e+06  -6.67885722516835e+05
   2.37900000000000e+00  -1.32365000000000e+00   6.09875000000000e-01  -9.11198444000000e+06  -8.18922409983186e+05
   2.38200000000000e+00  -1.27360000000000e+00   5.65650000000000e-01  -9.19531358820000e+06  -8.52070490533165e+05
   2.38500000000000e+00  -1.28155000000000e+00   4.98287500000000e-01  -8.88742657100000e+06  -6.21893580377358e+05
   2.38800000000000e+00  -1.32685000000000e+00   6.25887500000000e-01  -9.71964113560000e+06  -9.87104936222780e+05
   2.39100000000000e+00  -1.28852500000000e+00   4.69187500000000e-01  -8.99687872440000e+06  -5.51017458929318e+05
   2.39400000000000e+00  -1.20900000000000e+00   3.51325000000000e-01  -7.88874328420000e+06  -3.44096526545530e+05
   2.39700000000000e+00  -1.27500000000000e+00   5.60412500000000e-01  -9.04407711120000e+06  -7.83680996871089e+05
   2.40000000000000e+00  -1.29382500000000e+00   5.70962500000000e-01  -9.15315311380000e+06  -8.01346304125000e+05
