   2.25000000000000e+00  -4.45137878294930e+00   2.07026290742132e+00   1.93384669771809e+00   2.31120040118257e+01
   2.25500000000000e+00  -4.42030138074282e+00   2.00213010372308e+00   2.02368604552233e+00   3.56377520670019e+01
   2.26000000000000e+00  -4.38784269263305e+00   1.93647999114412e+00   2.15339149336203e+00   4.49150982273106e+01
   2.26500000000000e+00  -4.35597564948806e+00   1.86186045592192e+00   2.24473201036985e+00   5.89221925918791e+01
   2.27000000000000e+00  -4.32074346337566e+00   1.77634281258179e+00   2.32120053922143e+00   6.88174203940419e+01
   2.27500000000000e+00  -4.27808553419985e+00   1.64151040952188e+00   2.39472090196849e+00   8.67277565799350e+01
   2.28000000000000e+00  -4.24937181973587e+00   1.57781218395740e+00   2.32682030040261e+00   9.06634663755705e+01
   2.28500000000000e+00  -4.21037199049616e+00   1.47401533957356e+00   2.26907252535427e+00   9.22907463632764e+01
   2.29000000000000e+00  -4.18192819677922e+00   1.39708862404448e+00   2.30266277152001e+00   1.01149557510879e+02
   2.29500000000000e+00  -4.13924946792656e+00   1.23861670987132e+00   2.26529098470446e+00   1.09591822738027e+02
   2.30000000000000e+00  -4.10585099584277e+00   1.13947785202676e+00   2.07164321532464e+00   1.02194281621483e+02
   2.30500000000000e+00  -4.07245264157188e+00   1.04169402681166e+00   1.99660675183821e+00   9.93695430828091e+01
   2.31000000000000e+00  -4.04326330694385e+00   9.64956738268329e-01   1.91665427937121e+00   9.33355268340096e+01
   2.31500000000000e+00  -4.01381934634304e+00   8.82419210148290e-01   1.79147743827623e+00   8.44429485725216e+01
   2.32000000000000e+00  -3.99365598644875e+00   8.72176901817864e-01   1.75488232543428e+00   8.05859812189754e+01
   2.32500000000000e+00  -3.96404146317719e+00   7.85427194009048e-01   1.68431366160589e+00   7.40531513799056e+01
   2.33000000000000e+00  -3.93989251959859e+00   7.33756902239558e-01   1.59940043184447e+00   6.91887676579037e+01
   2.33500000000000e+00  -3.91549001796411e+00   6.89115477039163e-01   1.51448328706927e+00   6.17254825248997e+01
   2.34000000000000e+00  -3.89465470081362e+00   6.54318964918086e-01   1.47799687556317e+00   5.78925513542767e+01
   2.34500000000000e+00  -3.86767373472598e+00   5.94735292055586e-01   1.40759210552969e+00   5.05609798441619e+01
   2.35000000000000e+00  -3.84955682474755e+00   5.84412073818308e-01   1.39146318391721e+00   4.71721835953581e+01
   2.35500000000000e+00  -3.82697890284179e+00   5.41610355902575e-01   1.34178850949551e+00   4.21422595483791e+01
