   2.25000000000000e+00  -1.46724634750000e+00   6.93659973750000e-01   1.80606189563537e+00   1.41202748488617e+01
   2.25500000000000e+00  -1.45591681500000e+00   6.73429683750000e-01   1.87458974546028e+00   1.72567426556541e+01
   2.26000000000000e+00  -1.44651075750000e+00   6.60864975000000e-01   1.92446959997693e+00   1.83591352430085e+01
   2.26500000000000e+00  -1.43848641250000e+00   6.51023726250000e-01   1.93133559534100e+00   1.88373994670216e+01
   2.27000000000000e+00  -1.42974936250000e+00   6.39430853750000e-01   1.93766948307732e+00   1.97532061513541e+01
   2.27500000000000e+00  -1.41850967250000e+00   6.17390200000000e-01   2.00209376612644e+00   2.29112568397082e+01
   2.28000000000000e+00  -1.40833857250000e+00   6.00163922500000e-01   2.00703928975454e+00   2.42599557947642e+01
   2.28500000000000e+00  -1.39836458500000e+00   5.84800768750000e-01   2.01650356543622e+00   2.52981237192798e+01
   2.29000000000000e+00  -1.38826455500000e+00   5.66870768750000e-01   2.02227002327233e+00   2.66112741927312e+01
   2.29500000000000e+00  -1.37731383250000e+00   5.46573583750000e-01   2.03902800473888e+00   2.82118811708892e+01
   2.30000000000000e+00  -1.37037551000000e+00   5.38160356250000e-01   1.98498061012929e+00   2.76139836847378e+01
   2.30500000000000e+00  -1.35861238500000e+00   5.11563907500000e-01   1.99431785082479e+00   3.03006655203168e+01
   2.31000000000000e+00  -1.34778122750000e+00   4.88799047500000e-01   1.96535234117600e+00   3.10146133532244e+01
   2.31500000000000e+00  -1.34050211500000e+00   4.80603860000000e-01   1.92678952812079e+00   3.04914949524668e+01
   2.32000000000000e+00  -1.32689236750000e+00   4.47358896250000e-01   1.85755387975480e+00   3.11813931707202e+01
   2.32500000000000e+00  -1.31868899250000e+00   4.35235311250000e-01   1.83709019492394e+00   3.04770158487248e+01
   2.33000000000000e+00  -1.31020368250000e+00   4.20378163750000e-01   1.78424674823687e+00   3.02632997746717e+01
   2.33500000000000e+00  -1.30120160250000e+00   4.03562963750000e-01   1.75571390621097e+00   3.02647306018869e+01
   2.34000000000000e+00  -1.29433012500000e+00   3.93982875000000e-01   1.69968368178388e+00   2.91235896648611e+01
   2.34500000000000e+00  -1.28516698750000e+00   3.76107117500000e-01   1.65892973286725e+00   2.85062006696571e+01
   2.35000000000000e+00  -1.27734742250000e+00   3.64160695000000e-01   1.59387629554921e+00   2.78374143010158e+01
   2.35500000000000e+00  -1.26845538000000e+00   3.46956405000000e-01   1.53516081129977e+00   2.66358874382852e+01
