   2.1000000000000001e+00  -1.1007499999999999e+00   5.5156249999999997e-02   1.9017551020408142e+01   4.7418005952380939e+00
   2.1050000000000000e+00  -1.1166250000000000e+00   1.4718749999999999e-02   2.0546961481824518e+01   2.0163004750593816e-01
   2.1099999999999999e+00  -1.1494374999999999e+00   1.5093750000000000e-02   2.4542513645246348e+01   3.2654324644549770e-01
   2.1150000000000002e+00  -1.1105000000000000e+00   4.9125000000000002e-02   2.1012893382291377e+01   3.6015366430260104e-01
   2.1200000000000001e+00  -1.0870000000000000e+00   2.0625000000000001e-02   2.2967337130651352e+01   3.3561320754716972e-01
   2.1250000000000000e+00  -1.1131875000000000e+00   3.4875000000000003e-02   2.4483482352941454e+01   5.3430588235294152e-01
   2.1299999999999999e+00  -1.1490625000000001e+00   5.4999999999999997e-03   2.2923830148339174e+01   4.6021126760563372e-02
   2.1350000000000002e+00  -1.1044375000000000e+00   2.2937500000000000e-02   2.0151643457705848e+01   4.3074941451990617e-01
   2.1400000000000001e+00  -1.1259999999999999e+00   6.7000000000000004e-02   2.1506266922875632e+01   4.4779906542056072e+00
   2.1450000000000000e+00  -1.0930625000000000e+00   1.8343749999999999e-02   2.1805516162159183e+01   6.3421037296037286e-01
   2.1499999999999999e+00  -1.0771875000000000e+00   1.0718750000000001e-02   1.5215494862087716e+01   1.1616569767441864e-01
   2.1550000000000002e+00  -1.1153124999999999e+00   9.2718750000000003e-02   2.0561931729480250e+01   4.9081815545243623e+00
   2.1600000000000001e+00  -1.1151875000000000e+00   1.0775000000000000e-01   2.2848084919410276e+01   2.2697800925925886e+00
   2.1650000000000000e+00  -1.1020000000000001e+00   7.1562500000000003e-03   1.9349060478214650e+01   9.8178406466512713e-02
   2.1699999999999999e+00  -1.1156874999999999e+00   6.7437499999999997e-02   1.5722721867102939e+01   3.5447465437787997e+00
   2.1750000000000003e+00  -1.1161875000000001e+00   6.9468749999999996e-02   2.0415954551459574e+01   3.5098879310344793e+00
   2.1800000000000002e+00  -1.1216874999999999e+00   1.2512499999999999e-01   1.9710782972813565e+01   1.9789105504587243e+00
   2.1850000000000001e+00  -1.0978749999999999e+00   1.3687500000000000e-02   1.6374825233415013e+01   2.3757437070938220e-01
   2.1899999999999999e+00  -1.0706249999999999e+00   7.5249999999999997e-02   1.9366151664894296e+01   4.6211073059360714e+00
   2.1950000000000003e+00  -1.0776874999999999e+00   1.9875000000000000e-02   1.5535624036820140e+01   1.9500000000000001e-01
   2.2000000000000002e+00  -1.0671250000000001e+00   9.9250000000000005e-02   1.3950640495867736e+01   4.7435340909090877e+00
   2.2050000000000001e+00  -1.0724374999999999e+00   5.2156250000000001e-02   2.1751579845845853e+01   2.4706604308390019e+00
   2.2100000000000000e+00  -1.0849375000000001e+00   4.0468749999999998e-02   2.0335624782457000e+01   1.0979920814479638e-01
   2.2150000000000003e+00  -1.0849375000000001e+00   8.0406249999999999e-02   1.6402881033788344e+01   8.2850169300225496e-01
   2.2200000000000002e+00  -1.0581250000000000e+00   2.2281249999999999e-02   1.7093377160944819e+01   6.7432713963963953e-01
   2.2250000000000001e+00  -1.0967499999999999e+00   1.7999999999999999e-02   2.0353066532003609e+01   5.5708988764044942e-01
   2.2300000000000000e+00  -1.0684374999999999e+00   3.0750000000000000e-02   1.6335463210601507e+01   4.9249999999999944e-01
   2.2350000000000003e+00  -1.0570625000000000e+00   8.4531250000000002e-02   1.4214780115009905e+01   1.6729446308724822e+00
   2.2400000000000002e+00  -1.0540000000000000e+00   3.2312500000000001e-02   1.2760901626275340e+01   1.4045312499999993e+00
   2.2450000000000001e+00  -1.0695625000000000e+00   7.9937499999999995e-02   1.6532661048308412e+01   3.3338975501113568e+00
   2.2500000000000000e+00  -1.0565625000000001e+00   9.1562499999999995e-03   1.1334740740740786e+01   1.9911388888888887e-01
   2.2549999999999999e+00  -1.0352500000000000e+00   5.7406249999999999e-02   1.3943805586009599e+01   2.1851718403547768e-01
   2.2600000000000002e+00  -1.0474375000000000e+00   7.2500000000000004e-03   9.9540341843523805e+00   7.3772123893805303e-02
   2.2650000000000001e+00  -1.0611875000000000e+00   7.3624999999999996e-02   1.1980902397068190e+01   7.6684326710816797e-01
   2.2700000000000000e+00  -1.0568124999999999e+00   3.5531250000000000e-02   1.6060999631275386e+01   2.1277808370044038e-01
   2.2749999999999999e+00  -1.0585625000000001e+00   7.3749999999999996e-02   1.3506682767781651e+01   2.3084615384615392e+00
   2.2800000000000002e+00  -1.0788750000000000e+00   5.0781250000000000e-02   1.4866766697445302e+01   1.3617461622807019e+00
   2.2850000000000001e+00  -1.0411874999999999e+00   7.6499999999999999e-02   1.4937055001460223e+01   1.0702297592997798e+00
   2.2900000000000000e+00  -1.0347500000000001e+00   7.1374999999999994e-02   1.3471062718102223e+01   1.4145305676855886e+00
   2.2949999999999999e+00  -1.0460000000000000e+00   9.0281249999999993e-02   1.1911107313901306e+01   4.7269308278867124e+00
   2.3000000000000003e+00  -1.0360625000000001e+00   9.9187499999999998e-02   1.1379399810964108e+01   2.1780000000000057e+00
   2.3050000000000002e+00  -1.0363750000000000e+00   3.8374999999999999e-02   1.2636003030288620e+01   2.9353579175704969e-01
   2.3100000000000001e+00  -1.0237499999999999e+00   2.0343750000000001e-02   1.1618878956541206e+01   3.6517586580086592e-01
   2.3149999999999999e+00  -1.0422499999999999e+00   9.0093750000000000e-02   1.3478646632675451e+01   1.1212230021598257e+00
   2.3200000000000003e+00  -1.0003124999999999e+00   1.0593750000000001e-02   1.1783707082342490e+01   1.2831088362068968e-01
   2.3250000000000002e+00  -1.0440000000000000e+00   4.7625000000000001e-02   1.0426749913284659e+01   8.0404301075268736e-01
   2.3300000000000001e+00  -1.0337499999999999e+00   3.2875000000000001e-02   1.5173515813516637e+01   2.6898068669527853e-01
   2.3350000000000000e+00  -1.0362499999999999e+00   1.5718750000000000e-02   1.0872258573334825e+01   3.2783993576017140e-01
   2.3399999999999999e+00  -1.0175000000000001e+00   1.3575000000000001e-01   1.4261176857330662e+01   3.3936538461538528e+00
   2.3450000000000002e+00  -1.0259374999999999e+00   1.7812499999999998e-02   9.0522638104028363e+00   3.4051172707889132e-01
   2.3500000000000001e+00  -1.0132500000000000e+00   3.3218749999999998e-02   1.3515780896333123e+01   5.6776861702127690e-01
   2.3550000000000000e+00  -1.0375624999999999e+00   1.8468749999999999e-02   1.4054250566847571e+01   2.0490711252653920e-01
   2.3600000000000003e+00  -1.0193749999999999e+00   1.1124999999999999e-02   8.3373132720483429e+00   1.1404661016949148e-01
   2.3650000000000002e+00  -1.0128124999999999e+00   4.0125000000000001e-02   1.1570538463945176e+01   4.0349894291754757e-01
   2.3700000000000001e+00  -9.8187500000000005e-01   3.3937500000000002e-02   1.0195303459203434e+01   8.9410337552742625e-01
   2.3750000000000000e+00  -1.0273749999999999e+00   1.5343750000000000e-02   1.5403239889196701e+01   1.8323421052631578e-01
   2.3799999999999999e+00  -1.0208750000000000e+00   1.2468750000000001e-02   1.3406645010945244e+01   1.1163077731092434e-01
   2.3850000000000002e+00  -9.8256250000000001e-01   4.3312499999999997e-02   1.0407679900144693e+01   1.3884800838574427e+00
   2.3900000000000001e+00  -9.9981249999999999e-01   4.7812500000000001e-02   1.0156951909105134e+01   6.9048117154811750e-01
   2.3950000000000000e+00  -9.9600000000000000e-01   4.0437500000000001e-02   1.1400856865163894e+01   1.9823173277661790e+00
   2.3999999999999999e+00  -1.0166875000000000e+00   2.4781250000000001e-02   1.0386289062499904e+01   9.6437760416666696e-01
