   2.10000000000000e+00  -1.67968750000000e+00   8.85756250000000e-01  -6.02568265944500e+07  -7.99351996876786e+06
   2.10300000000000e+00  -1.66756875000000e+00   8.75212500000000e-01  -5.93386352683500e+07  -7.76225370348312e+06
   2.10600000000000e+00  -1.65454375000000e+00   8.69003125000000e-01  -5.83492492605500e+07  -7.63578551985993e+06
   2.10900000000000e+00  -1.65891875000000e+00   8.71109375000000e-01  -5.85938208360000e+07  -7.65784306484116e+06
   2.11200000000000e+00  -1.66301250000000e+00   8.71953125000000e-01  -5.89353188052500e+07  -7.65781426811080e+06
   2.11500000000000e+00  -1.64690000000000e+00   8.67334375000000e-01  -5.76026423352500e+07  -7.55471663455083e+06
   2.11800000000000e+00  -1.64226875000000e+00   8.57246875000000e-01  -5.79876182167500e+07  -7.51082309262276e+06
   2.12100000000000e+00  -1.61792500000000e+00   8.36040625000000e-01  -5.63299144083000e+07  -7.13317931462753e+06
   2.12400000000000e+00  -1.63425000000000e+00   8.56590625000000e-01  -5.67577972929500e+07  -7.34657571316502e+06
   2.12700000000000e+00  -1.63323750000000e+00   8.49903125000000e-01  -5.69027548167000e+07  -7.27403365178655e+06
   2.13000000000000e+00  -1.64946875000000e+00   8.68012500000000e-01  -5.80065860690000e+07  -7.54767796542841e+06
   2.13300000000000e+00  -1.63464375000000e+00   8.56584375000000e-01  -5.72875076326000e+07  -7.38645431790905e+06
   2.13600000000000e+00  -1.62569375000000e+00   8.45368750000000e-01  -5.65382245101000e+07  -7.17734931174508e+06
   2.13900000000000e+00  -1.63686250000000e+00   8.61040625000000e-01  -5.67224489000500e+07  -7.31465120385694e+06
   2.14200000000000e+00  -1.63090000000000e+00   8.56312500000000e-01  -5.69958017204000e+07  -7.36298646467087e+06
   2.14500000000000e+00  -1.63250000000000e+00   8.58137500000000e-01  -5.72146519419000e+07  -7.40740825863054e+06
   2.14800000000000e+00  -1.60301250000000e+00   8.31612500000000e-01  -5.50694298180500e+07  -6.95090993471834e+06
   2.15100000000000e+00  -1.63178750000000e+00   8.55818750000000e-01  -5.75893793688500e+07  -7.43870995674686e+06
   2.15400000000000e+00  -1.61573125000000e+00   8.46106250000000e-01  -5.57300121962500e+07  -7.09353668557915e+06
   2.15700000000000e+00  -1.59538125000000e+00   8.30956250000000e-01  -5.46237874679500e+07  -6.89015183664812e+06
   2.16000000000000e+00  -1.58263125000000e+00   8.14078125000000e-01  -5.36855096918000e+07  -6.59029728712384e+06
   2.16300000000000e+00  -1.61436250000000e+00   8.43928125000000e-01  -5.56591235692500e+07  -7.00382896900717e+06
   2.16600000000000e+00  -1.58478750000000e+00   8.25296875000000e-01  -5.39602200320500e+07  -6.81074684153970e+06
   2.16900000000000e+00  -1.60703750000000e+00   8.39253125000000e-01  -5.53094811964000e+07  -6.96084930641425e+06
   2.17200000000000e+00  -1.59509375000000e+00   8.27218750000000e-01  -5.46135287402000e+07  -6.81253914415861e+06
   2.17500000000000e+00  -1.60441250000000e+00   8.45437500000000e-01  -5.49718974142500e+07  -7.01044456382184e+06
   2.17800000000000e+00  -1.58171250000000e+00   8.21903125000000e-01  -5.33080597351500e+07  -6.63511211867539e+06
   2.18100000000000e+00  -1.59847500000000e+00   8.41131250000000e-01  -5.47358101168000e+07  -6.95824511678703e+06
   2.18400000000000e+00  -1.57941250000000e+00   8.14075000000000e-01  -5.37589324955500e+07  -6.67826890777243e+06
   2.18700000000000e+00  -1.58985000000000e+00   8.30665625000000e-01  -5.42087109740500e+07  -6.81391378937471e+06
   2.19000000000000e+00  -1.58627500000000e+00   8.30925000000000e-01  -5.37694721502500e+07  -6.72465359051370e+06
   2.19300000000000e+00  -1.57801250000000e+00   8.28390625000000e-01  -5.32828778758000e+07  -6.68835613910169e+06
   2.19600000000000e+00  -1.56241250000000e+00   8.10990625000000e-01  -5.21957473279000e+07  -6.42616579597564e+06
   2.19900000000000e+00  -1.57857500000000e+00   8.26168750000000e-01  -5.30894932030000e+07  -6.61719693652797e+06
   2.20200000000000e+00  -1.56315625000000e+00   8.06753125000000e-01  -5.31257907635000e+07  -6.59183690187898e+06
   2.20500000000000e+00  -1.56323750000000e+00   8.15368750000000e-01  -5.25215027663500e+07  -6.51630278829365e+06
   2.20800000000000e+00  -1.56615625000000e+00   8.24371875000000e-01  -5.24397932383500e+07  -6.57910776140172e+06
   2.21100000000000e+00  -1.57782500000000e+00   8.33881250000000e-01  -5.34759431251000e+07  -6.77740036507802e+06
   2.21400000000000e+00  -1.53783750000000e+00   7.89981250000000e-01  -5.04344873042500e+07  -5.99247519345077e+06
   2.21700000000000e+00  -1.54074375000000e+00   7.96581250000000e-01  -5.10575661933000e+07  -6.25554526359382e+06
   2.22000000000000e+00  -1.55440000000000e+00   8.17343750000000e-01  -5.17136864558000e+07  -6.46729781309121e+06
   2.22300000000000e+00  -1.53446250000000e+00   7.93375000000000e-01  -5.02311495029500e+07  -6.04597951975934e+06
   2.22600000000000e+00  -1.54399375000000e+00   8.08875000000000e-01  -5.08983036399500e+07  -6.27883555381289e+06
   2.22900000000000e+00  -1.50911250000000e+00   7.71512500000000e-01  -4.89240769224500e+07  -5.84572360361709e+06
   2.23200000000000e+00  -1.52023750000000e+00   7.68706250000000e-01  -4.98470663546500e+07  -5.82406477466958e+06
   2.23500000000000e+00  -1.51203125000000e+00   7.64168750000000e-01  -4.95341567070500e+07  -5.79128751299217e+06
   2.23800000000000e+00  -1.52838750000000e+00   7.88303125000000e-01  -5.01690926763500e+07  -6.02685607493298e+06
   2.24100000000000e+00  -1.53690625000000e+00   8.05040625000000e-01  -5.08814423129500e+07  -6.27053590558902e+06
   2.24400000000000e+00  -1.51732500000000e+00   7.88737500000000e-01  -4.94211005013500e+07  -5.97216246734626e+06
   2.24700000000000e+00  -1.48491250000000e+00   7.45665625000000e-01  -4.77508760891500e+07  -5.49912976478082e+06
   2.25000000000000e+00  -1.49518125000000e+00   7.69168750000000e-01  -4.83809625593500e+07  -5.79910223432778e+06
   2.25300000000000e+00  -1.48533750000000e+00   7.50740625000000e-01  -4.77009808029000e+07  -5.48139541388149e+06
   2.25600000000000e+00  -1.49583125000000e+00   7.72293750000000e-01  -4.83574736483500e+07  -5.78302958704012e+06
   2.25900000000000e+00  -1.49645625000000e+00   7.62821875000000e-01  -4.80074091538500e+07  -5.58584372301350e+06
   2.26200000000000e+00  -1.47341250000000e+00   7.34850000000000e-01  -4.66172746806000e+07  -5.24057157122016e+06
   2.26500000000000e+00  -1.50442500000000e+00   7.74725000000000e-01  -4.84957371036000e+07  -5.77818295725717e+06
   2.26800000000000e+00  -1.46677500000000e+00   7.29465625000000e-01  -4.63937402276500e+07  -5.14781278539462e+06
   2.27100000000000e+00  -1.47873750000000e+00   7.46531250000000e-01  -4.70349311796000e+07  -5.34667499245927e+06
   2.27400000000000e+00  -1.45170000000000e+00   7.13071875000000e-01  -4.54571585168500e+07  -4.93906361256596e+06
   2.27700000000000e+00  -1.49146250000000e+00   7.69884375000000e-01  -4.79942378778500e+07  -5.68905072446201e+06
   2.28000000000000e+00  -1.46039375000000e+00   7.32593750000000e-01  -4.55534444994000e+07  -5.12670133985746e+06
   2.28300000000000e+00  -1.48351250000000e+00   7.65443750000000e-01  -4.72509425136500e+07  -5.56433970719448e+06
   2.28600000000000e+00  -1.46113750000000e+00   7.47403125000000e-01  -4.63984760614000e+07  -5.39475522457349e+06
   2.28900000000000e+00  -1.42122500000000e+00   6.79787500000000e-01  -4.38452247481000e+07  -4.58521327548056e+06
   2.29200000000000e+00  -1.42791875000000e+00   7.03528125000000e-01  -4.40259699402500e+07  -4.82390432081152e+06
   2.29500000000000e+00  -1.45783750000000e+00   7.30084375000000e-01  -4.61519600995000e+07  -5.18851209977669e+06
   2.29800000000000e+00  -1.44153750000000e+00   7.33975000000000e-01  -4.44190618515000e+07  -5.02636729780788e+06
   2.30100000000000e+00  -1.44613125000000e+00   7.25837500000000e-01  -4.54670106972000e+07  -5.15978505612777e+06
   2.30400000000000e+00  -1.43130625000000e+00   7.16490625000000e-01  -4.34227262335500e+07  -4.75344637777235e+06
   2.30700000000000e+00  -1.43012500000000e+00   7.11218750000000e-01  -4.43250482795500e+07  -4.85360956626571e+06
   2.31000000000000e+00  -1.41380625000000e+00   6.63225000000000e-01  -4.34012093231500e+07  -4.36656526120130e+06
   2.31300000000000e+00  -1.44210000000000e+00   7.31912500000000e-01  -4.48056630718000e+07  -5.08228761096520e+06
   2.31600000000000e+00  -1.40438750000000e+00   6.83981250000000e-01  -4.28253673584500e+07  -4.53604598692789e+06
   2.31900000000000e+00  -1.41093125000000e+00   6.77896875000000e-01  -4.32604058630500e+07  -4.57222571290966e+06
   2.32200000000000e+00  -1.40541875000000e+00   6.86150000000000e-01  -4.25289786378000e+07  -4.40350320037683e+06
   2.32500000000000e+00  -1.39976250000000e+00   6.72253125000000e-01  -4.28327833764500e+07  -4.49246149419892e+06
   2.32800000000000e+00  -1.39231875000000e+00   6.82084375000000e-01  -4.18003991977000e+07  -4.42483973726374e+06
   2.33100000000000e+00  -1.38856875000000e+00   6.59668750000000e-01  -4.21193386130500e+07  -4.34449157191120e+06
   2.33400000000000e+00  -1.40280625000000e+00   6.81943750000000e-01  -4.23980785558000e+07  -4.41499884413560e+06
   2.33700000000000e+00  -1.38704375000000e+00   6.64378125000000e-01  -4.13495422299500e+07  -4.15113926925011e+06
   2.34000000000000e+00  -1.37511250000000e+00   6.69359375000000e-01  -4.08477874373000e+07  -4.20124178295406e+06
   2.34300000000000e+00  -1.38229375000000e+00   6.76550000000000e-01  -4.11103368466000e+07  -4.29087306866197e+06
   2.34600000000000e+00  -1.34976875000000e+00   6.24318750000000e-01  -3.87695144623000e+07  -3.63786525329284e+06
   2.34900000000000e+00  -1.36683750000000e+00   6.61418750000000e-01  -4.08292094262000e+07  -4.27374351250000e+06
   2.35200000000000e+00  -1.36721250000000e+00   6.49034375000000e-01  -4.08850570974500e+07  -4.16354361308461e+06
   2.35500000000000e+00  -1.35894375000000e+00   6.38515625000000e-01  -3.95014929555500e+07  -3.76903678502654e+06
   2.35800000000000e+00  -1.36517500000000e+00   6.58934375000000e-01  -3.99064954898500e+07  -4.06926519610899e+06
   2.36100000000000e+00  -1.32996250000000e+00   5.57462500000000e-01  -3.85853075084000e+07  -3.30691334259318e+06
   2.36400000000000e+00  -1.33470625000000e+00   6.03028125000000e-01  -3.88430910247000e+07  -3.62291311540292e+06
   2.36700000000000e+00  -1.33154375000000e+00   6.02187500000000e-01  -3.86907821054500e+07  -3.56286525021652e+06
   2.37000000000000e+00  -1.33163750000000e+00   6.21481250000000e-01  -3.83439786086000e+07  -3.68050459284810e+06
   2.37300000000000e+00  -1.31787500000000e+00   5.61378125000000e-01  -3.81965107666500e+07  -3.43158749851980e+06
   2.37600000000000e+00  -1.35115000000000e+00   6.42234375000000e-01  -3.95249900077000e+07  -3.94472444196654e+06
   2.37900000000000e+00  -1.31630625000000e+00   6.09084375000000e-01  -3.78293534084500e+07  -3.61866845132934e+06
   2.38200000000000e+00  -1.31590000000000e+00   5.86565625000000e-01  -3.82797295802000e+07  -3.67178939287888e+06
   2.38500000000000e+00  -1.32155000000000e+00   5.98468750000000e-01  -3.79742105771500e+07  -3.46711001290880e+06
   2.38800000000000e+00  -1.29415625000000e+00   5.38115625000000e-01  -3.67912962068500e+07  -3.07949498998116e+06
   2.39100000000000e+00  -1.29378125000000e+00   5.53068750000000e-01  -3.61787842505500e+07  -3.00139312973128e+06
   2.39400000000000e+00  -1.31111250000000e+00   5.95184375000000e-01  -3.74743055719000e+07  -3.43762952514620e+06
   2.39700000000000e+00  -1.30110000000000e+00   5.59943750000000e-01  -3.66724562895000e+07  -3.07479489062370e+06
   2.40000000000000e+00  -1.29078750000000e+00   5.57112500000000e-01  -3.67533422756000e+07  -3.15671463436458e+06
