   2.10000000000000e+00  -1.66241751000000e+00   8.69015708750000e-01   9.62604116244942e-01   9.32350036036223e-01
   2.10500000000000e+00  -1.65704091750000e+00   8.65995095000000e-01   9.71675036636687e-01   9.67350345608339e-01
   2.11000000000000e+00  -1.65211924250000e+00   8.63069733750000e-01   9.95741826994208e-01   1.05726270759551e+00
   2.11500000000000e+00  -1.64708426000000e+00   8.59853667500000e-01   1.00340612341284e+00   1.12415556921000e+00
   2.12000000000000e+00  -1.64242405750000e+00   8.57132098750000e-01   1.02940663100289e+00   1.20238726668507e+00
   2.12500000000000e+00  -1.63691538750000e+00   8.53432712500000e-01   1.05301903394538e+00   1.36410026627189e+00
   2.13000000000000e+00  -1.63174583500000e+00   8.50362035000000e-01   1.06950334727329e+00   1.41860080002537e+00
   2.13500000000000e+00  -1.62638905500000e+00   8.46994062500000e-01   1.07796649834776e+00   1.42761031784254e+00
   2.14000000000000e+00  -1.62080101500000e+00   8.43246377500000e-01   1.09800937198680e+00   1.55015932149726e+00
   2.14500000000000e+00  -1.61586433000000e+00   8.40280553750000e-01   1.11154828192455e+00   1.58431014724918e+00
   2.15000000000000e+00  -1.60953268500000e+00   8.35137241250000e-01   1.15088495115305e+00   2.08581322615954e+00
   2.15500000000000e+00  -1.60389616500000e+00   8.31081350000000e-01   1.17740441476286e+00   2.33306954361203e+00
   2.16000000000000e+00  -1.59828856000000e+00   8.27747893750000e-01   1.18444422089381e+00   2.07901057194539e+00
   2.16500000000000e+00  -1.59241047500000e+00   8.23246588750000e-01   1.20552237548636e+00   2.35094985952958e+00
   2.17000000000000e+00  -1.58607997250000e+00   8.18795045000000e-01   1.22907574275058e+00   2.45523307304926e+00
   2.17500000000000e+00  -1.57995558500000e+00   8.13749693750000e-01   1.26035583536916e+00   2.70129249993097e+00
   2.18000000000000e+00  -1.57342556500000e+00   8.07950005000000e-01   1.28930670968128e+00   3.32300359532102e+00
   2.18500000000000e+00  -1.56652012250000e+00   8.01990451250000e-01   1.32708465858557e+00   3.81880804513243e+00
   2.19000000000000e+00  -1.56198293000000e+00   8.00655790000000e-01   1.30294721998790e+00   3.16723072518792e+00
   2.19500000000000e+00  -1.55435944250000e+00   7.93484368750000e-01   1.35884117823018e+00   3.70834391870722e+00
   2.20000000000000e+00  -1.54641103000000e+00   7.83900151250000e-01   1.41358669234362e+00   5.09983052948334e+00
   2.20500000000000e+00  -1.53950369250000e+00   7.78768945000000e-01   1.43152245333678e+00   4.85177788468886e+00
   2.21000000000000e+00  -1.53263178250000e+00   7.72114760000000e-01   1.45408395884512e+00   5.57482168517094e+00
   2.21500000000000e+00  -1.52430328500000e+00   7.61593648750000e-01   1.52939760429535e+00   7.15145114959767e+00
   2.22000000000000e+00  -1.51688927250000e+00   7.55415685000000e-01   1.54003800606144e+00   6.82987062593216e+00
   2.22500000000000e+00  -1.50884706000000e+00   7.45365938750000e-01   1.61245546713208e+00   8.47333090769891e+00
   2.23000000000000e+00  -1.50009352750000e+00   7.33457352500000e-01   1.67133425851529e+00   1.03069367699126e+01
   2.23500000000000e+00  -1.49350093500000e+00   7.30264415000000e-01   1.65309765758318e+00   9.09294044990263e+00
   2.24000000000000e+00  -1.48355424000000e+00   7.14612055000000e-01   1.73611109790258e+00   1.17580967178049e+01
   2.24500000000000e+00  -1.47534623250000e+00   7.05635551250000e-01   1.78263641289267e+00   1.21656863950441e+01
   2.25000000000000e+00  -1.46513991500000e+00   6.87148422500000e-01   1.85160818529741e+00   1.56691633818748e+01
   2.25500000000000e+00  -1.45669437750000e+00   6.78519360000000e-01   1.83930588066346e+00   1.53137118129955e+01
   2.26000000000000e+00  -1.44715488000000e+00   6.64489365000000e-01   1.87767414979589e+00   1.66460758774491e+01
   2.26500000000000e+00  -1.43580126250000e+00   6.42662668750000e-01   1.96068676041489e+00   2.03701237437988e+01
   2.27000000000000e+00  -1.42687188750000e+00   6.29088503750000e-01   1.99120337082038e+00   2.22054325712943e+01
   2.27500000000000e+00  -1.41598923000000e+00   6.10768992500000e-01   1.98678201732363e+00   2.32817494641125e+01
   2.28000000000000e+00  -1.40925001750000e+00   6.03388430000000e-01   2.01733326638952e+00   2.38920588124632e+01
   2.28500000000000e+00  -1.39704689500000e+00   5.78925390000000e-01   2.03626865215998e+00   2.64912789240073e+01
   2.29000000000000e+00  -1.38999138250000e+00   5.73327903750000e-01   1.96192259704863e+00   2.49494439009210e+01
   2.29500000000000e+00  -1.37928602000000e+00   5.52761286250000e-01   1.99121352795833e+00   2.67502965510644e+01
   2.30000000000000e+00  -1.36792389500000e+00   5.31399301250000e-01   1.99442268068920e+00   2.83271792074430e+01
   2.30500000000000e+00  -1.35981912250000e+00   5.16952083750000e-01   1.99511055628921e+00   2.94745805631031e+01
   2.31000000000000e+00  -1.35047647000000e+00   5.01196633750000e-01   1.94806749913640e+00   2.93024506713287e+01
   2.31500000000000e+00  -1.33686167500000e+00   4.65848036250000e-01   1.93422237467363e+00   3.18113902063628e+01
   2.32000000000000e+00  -1.32985753250000e+00   4.59317227500000e-01   1.88005468467946e+00   3.10441800128195e+01
   2.32500000000000e+00  -1.31940985500000e+00   4.36696067500000e-01   1.83908995281877e+00   3.11107857346481e+01
   2.33000000000000e+00  -1.31021322500000e+00   4.22243816250000e-01   1.79143373356653e+00   3.02790910426258e+01
   2.33500000000000e+00  -1.30255219500000e+00   4.09927662500000e-01   1.74727843423388e+00   2.98326319861489e+01
   2.34000000000000e+00  -1.29337943000000e+00   3.90410641250000e-01   1.68144589900655e+00   2.93216163613342e+01
   2.34500000000000e+00  -1.28534132250000e+00   3.81232993750000e-01   1.64295885330976e+00   2.79468192984051e+01
   2.35000000000000e+00  -1.27602703500000e+00   3.61609250000000e-01   1.59027642165212e+00   2.76061461970638e+01
   2.35500000000000e+00  -1.26905554000000e+00   3.47598300000000e-01   1.53108587005896e+00   2.65445065283975e+01
   2.36000000000000e+00  -1.26077660500000e+00   3.33218311250000e-01   1.48691075759101e+00   2.60529511096682e+01
   2.36500000000000e+00  -1.25366691750000e+00   3.23753922500000e-01   1.46080244861902e+00   2.54126409325084e+01
   2.37000000000000e+00  -1.24796123000000e+00   3.16194191250000e-01   1.42950014189666e+00   2.43607015819044e+01
   2.37500000000000e+00  -1.23974826750000e+00   3.01002813750000e-01   1.39228306778013e+00   2.35373157561400e+01
   2.38000000000000e+00  -1.23143337750000e+00   2.84726145000000e-01   1.31739846697052e+00   2.18329884518918e+01
   2.38500000000000e+00  -1.22607348500000e+00   2.79075871250000e-01   1.29164265617618e+00   2.11178025786941e+01
   2.39000000000000e+00  -1.21996352500000e+00   2.72164362500000e-01   1.26310726550990e+00   2.04532098497698e+01
   2.39500000000000e+00  -1.21428812250000e+00   2.63974461250000e-01   1.26277670314903e+00   1.99516943423531e+01
   2.40000000000000e+00  -1.20774771750000e+00   2.55810036250000e-01   1.20912017494169e+00   1.88132283806408e+01
