2.25000000000000e+00   7.58715191110230e+00  -3.53613622129350e+00   1.92646173998836e+00   2.25248771756858e+01
2.25500000000000e+00   7.53817592015150e+00  -3.45196054520528e+00   1.96305429171072e+00   2.63035884464032e+01
2.26000000000000e+00   7.47814880198334e+00  -3.33013043537519e+00   2.06177399623422e+00   3.17289124259978e+01
2.26500000000000e+00   7.42766971296445e+00  -3.23138579459140e+00   2.09423683045376e+00   3.73865881743103e+01
2.27000000000000e+00   7.36291353773286e+00  -3.07295934109682e+00   2.24882597219106e+00   4.75069242442746e+01
2.27500000000000e+00   7.31385476878613e+00  -3.01193456447194e+00   2.16498385239718e+00   4.39399198427546e+01
2.28000000000000e+00   7.25498245603776e+00  -2.85680837274967e+00   2.22759474933019e+00   5.28544258227593e+01
2.28500000000000e+00   7.19195747593855e+00  -2.70012795825143e+00   2.20351834647936e+00   5.61040945608568e+01
2.29000000000000e+00   7.15419568750470e+00  -2.65492257926336e+00   2.20674486271104e+00   5.64319431987358e+01
2.29500000000000e+00   7.07777168841050e+00  -2.42165330899254e+00   2.17901579157867e+00   6.34114863629990e+01
2.30000000000000e+00   7.02387453927041e+00  -2.28226859181587e+00   2.14752467891690e+00   6.51296917668443e+01
2.30500000000000e+00   6.98064030915204e+00  -2.21853286460260e+00   2.04746180777122e+00   6.11801891445864e+01
2.31000000000000e+00   6.92882046063935e+00  -2.08696837728606e+00   2.03475259036973e+00   6.25951398296594e+01
2.31500000000000e+00   6.86118075979218e+00  -1.88091457184195e+00   1.89842185607607e+00   6.22459485639927e+01
2.32000000000000e+00   6.81996235402709e+00  -1.77392605824145e+00   1.82500295410170e+00   5.97806230189422e+01
2.32500000000000e+00   6.78094233660169e+00  -1.74214710961018e+00   1.78471956878314e+00   5.53637792654611e+01
2.33000000000000e+00   6.73917029902944e+00  -1.68687022072475e+00   1.71794611591247e+00   5.34800775365794e+01
2.33500000000000e+00   6.68729863800670e+00  -1.54329403724920e+00   1.63407605571656e+00   4.95159812177057e+01
2.34000000000000e+00   6.65069555733454e+00  -1.48450404779911e+00   1.58100368843052e+00   4.77723854156990e+01
2.34500000000000e+00   6.60572229862166e+00  -1.37089847174622e+00   1.49141721698091e+00   4.35296539215829e+01
2.35000000000000e+00   6.56814019634098e+00  -1.30861786336490e+00   1.44203200805358e+00   4.02716469830215e+01
2.35500000000000e+00   6.53219485597204e+00  -1.25840383717855e+00   1.41561410209477e+00   3.90283894867376e+01
