   2.10000000000000e+00  -1.63330000000000e+00   8.53650000000000e-01  -3.68019571360000e+06  -4.85819604857143e+05
   2.10300000000000e+00  -1.63150000000000e+00   8.52950000000000e-01  -3.52490357840000e+06  -4.57853871421779e+05
   2.10600000000000e+00  -1.68480000000000e+00   8.87800000000000e-01  -3.78940423920000e+06  -4.98321416239316e+05
   2.10900000000000e+00  -1.62110000000000e+00   8.43750000000000e-01  -3.42459459360000e+06  -4.38495716737790e+05
   2.11200000000000e+00  -1.62940000000000e+00   8.60050000000000e-01  -3.62202793360000e+06  -4.77989128503788e+05
   2.11500000000000e+00  -1.67850000000000e+00   8.82050000000000e-01  -3.78837290960000e+06  -4.94981219574468e+05
   2.11800000000000e+00  -1.62150000000000e+00   8.23950000000000e-01  -3.45239131440000e+06  -4.12440216619452e+05
   2.12100000000000e+00  -1.67150000000000e+00   8.75450000000000e-01  -3.68066701280000e+06  -4.76591620933522e+05
   2.12400000000000e+00  -1.64530000000000e+00   8.70950000000000e-01  -3.52182076400000e+06  -4.66117096233522e+05
   2.12700000000000e+00  -1.63360000000000e+00   8.63050000000000e-01  -3.68854129360000e+06  -4.84092048236954e+05
   2.13000000000000e+00  -1.58470000000000e+00   8.19900000000000e-01  -3.42886882720000e+06  -4.36262199624413e+05
   2.13300000000000e+00  -1.64130000000000e+00   8.62350000000000e-01  -3.55602793840000e+06  -4.58515920675105e+05
   2.13600000000000e+00  -1.63000000000000e+00   8.62500000000000e-01  -3.57055030640000e+06  -4.68903150842697e+05
   2.13900000000000e+00  -1.65500000000000e+00   8.74100000000000e-01  -3.64916602240000e+06  -4.72864676671342e+05
   2.14200000000000e+00  -1.62440000000000e+00   8.54700000000000e-01  -3.51324267040000e+06  -4.50728959290383e+05
   2.14500000000000e+00  -1.61230000000000e+00   8.51200000000000e-01  -3.56885765520000e+06  -4.66853862750583e+05
   2.14800000000000e+00  -1.64630000000000e+00   8.68850000000000e-01  -3.62481851440000e+06  -4.70899186312849e+05
   2.15100000000000e+00  -1.57860000000000e+00   8.11550000000000e-01  -3.36906124720000e+06  -4.16628456624826e+05
   2.15400000000000e+00  -1.57100000000000e+00   8.00500000000000e-01  -3.44495760080000e+06  -4.32351868152275e+05
   2.15700000000000e+00  -1.62000000000000e+00   8.57050000000000e-01  -3.51209071840000e+06  -4.52636106815021e+05
   2.16000000000000e+00  -1.53980000000000e+00   7.99300000000000e-01  -3.22183808240000e+06  -4.05152797777778e+05
   2.16300000000000e+00  -1.56310000000000e+00   8.11700000000000e-01  -3.32546319920000e+06  -4.12915686269071e+05
   2.16600000000000e+00  -1.64740000000000e+00   8.70600000000000e-01  -3.72568458800000e+06  -4.82375681532779e+05
   2.16900000000000e+00  -1.56820000000000e+00   8.25250000000000e-01  -3.28264599120000e+06  -4.18627793545412e+05
   2.17200000000000e+00  -1.58520000000000e+00   8.40650000000000e-01  -3.34853023360000e+06  -4.34387833241252e+05
   2.17500000000000e+00  -1.59470000000000e+00   8.53050000000000e-01  -3.38588705040000e+06  -4.46540721839080e+05
   2.17800000000000e+00  -1.58500000000000e+00   8.32150000000000e-01  -3.38009964240000e+06  -4.31023886776860e+05
   2.18100000000000e+00  -1.55510000000000e+00   8.11250000000000e-01  -3.30806149040000e+06  -4.14211178725355e+05
   2.18400000000000e+00  -1.58410000000000e+00   8.48050000000000e-01  -3.31867723600000e+06  -4.35678037362637e+05
   2.18700000000000e+00  -1.62810000000000e+00   8.62250000000000e-01  -3.48826827280000e+06  -4.45885503429355e+05
   2.19000000000000e+00  -1.56620000000000e+00   8.15350000000000e-01  -3.22261004160000e+06  -3.95591421643836e+05
   2.19300000000000e+00  -1.57530000000000e+00   8.37550000000000e-01  -3.24992051440000e+06  -4.17093201185591e+05
   2.19600000000000e+00  -1.52970000000000e+00   7.95550000000000e-01  -3.09298859440000e+06  -3.77239794990893e+05
   2.19900000000000e+00  -1.53930000000000e+00   7.87700000000000e-01  -3.12209405360000e+06  -3.73447469668031e+05
   2.20200000000000e+00  -1.55610000000000e+00   7.89200000000000e-01  -3.34677140640000e+06  -3.98629162488647e+05
   2.20500000000000e+00  -1.55190000000000e+00   8.07300000000000e-01  -3.18601331520000e+06  -3.84537776598639e+05
   2.20800000000000e+00  -1.54340000000000e+00   8.17050000000000e-01  -3.17317291520000e+06  -3.98904677536232e+05
   2.21100000000000e+00  -1.59840000000000e+00   8.52250000000000e-01  -3.40235278800000e+06  -4.34402389416553e+05
   2.21400000000000e+00  -1.59640000000000e+00   8.52700000000000e-01  -3.53174670640000e+06  -4.55424721409214e+05
   2.21700000000000e+00  -1.56670000000000e+00   8.26950000000000e-01  -3.30073362480000e+06  -4.13122314479026e+05
   2.22000000000000e+00  -1.47330000000000e+00   6.79450000000000e-01  -2.92116903040000e+06  -2.61920001621622e+05
   2.22300000000000e+00  -1.38080000000000e+00   5.83600000000000e-01  -2.59832781760000e+06  -2.24296493027441e+05
   2.22600000000000e+00  -1.56950000000000e+00   8.07100000000000e-01  -3.25336913680000e+06  -3.81467328212040e+05
   2.22900000000000e+00  -1.51180000000000e+00   7.95800000000000e-01  -3.09565071040000e+06  -3.83905269268730e+05
   2.23200000000000e+00  -1.49020000000000e+00   7.71800000000000e-01  -2.88376009920000e+06  -3.41824830555556e+05
   2.23500000000000e+00  -1.49750000000000e+00   6.99300000000000e-01  -3.18914681760000e+06  -3.63471505145414e+05
   2.23800000000000e+00  -1.52790000000000e+00   8.14850000000000e-01  -3.08037666320000e+06  -3.91277558176944e+05
   2.24100000000000e+00  -1.50280000000000e+00   7.81900000000000e-01  -2.84517566560000e+06  -3.37818946987952e+05
   2.24400000000000e+00  -1.55040000000000e+00   8.10750000000000e-01  -3.31381137520000e+06  -4.12345177361854e+05
   2.24700000000000e+00  -1.51920000000000e+00   8.01400000000000e-01  -3.16450916400000e+06  -3.97110433021807e+05
   2.25000000000000e+00  -1.47820000000000e+00   6.83550000000000e-01  -3.11910978880000e+06  -3.41854264444444e+05
   2.25300000000000e+00  -1.56320000000000e+00   8.34900000000000e-01  -3.28011545600000e+06  -4.17015418553040e+05
   2.25600000000000e+00  -1.52630000000000e+00   7.94050000000000e-01  -3.17945916560000e+06  -3.91643593705674e+05
   2.25900000000000e+00  -1.42600000000000e+00   6.66300000000000e-01  -2.59739494560000e+06  -2.30407803718460e+05
   2.26200000000000e+00  -1.47560000000000e+00   7.60100000000000e-01  -2.86592930640000e+06  -3.38695922104333e+05
   2.26500000000000e+00  -1.58470000000000e+00   8.47000000000000e-01  -3.37299932640000e+06  -4.24262969183223e+05
   2.26800000000000e+00  -1.47440000000000e+00   7.70600000000000e-01  -2.94323128240000e+06  -3.57884725573192e+05
   2.27100000000000e+00  -1.44730000000000e+00   6.50050000000000e-01  -2.66539873680000e+06  -2.25583185645090e+05
   2.27400000000000e+00  -1.46230000000000e+00   7.43750000000000e-01  -2.87132041840000e+06  -3.20129156992084e+05
   2.27700000000000e+00  -1.51170000000000e+00   7.97550000000000e-01  -2.99316760960000e+06  -3.62610692138779e+05
   2.28000000000000e+00  -1.44810000000000e+00   7.61300000000000e-01  -2.79780732560000e+06  -3.40793005175439e+05
   2.28300000000000e+00  -1.47630000000000e+00   7.67700000000000e-01  -3.00987517520000e+06  -3.69338248445029e+05
   2.28600000000000e+00  -1.47640000000000e+00   7.57500000000000e-01  -3.16601458720000e+06  -3.75433989938758e+05
   2.28900000000000e+00  -1.48040000000000e+00   7.74600000000000e-01  -2.86221303200000e+06  -3.41105798951507e+05
   2.29200000000000e+00  -1.54610000000000e+00   8.26950000000000e-01  -3.21488806320000e+06  -4.02387289877836e+05
   2.29500000000000e+00  -1.45620000000000e+00   7.52250000000000e-01  -2.85633443520000e+06  -3.30682130893246e+05
   2.29800000000000e+00  -1.50810000000000e+00   7.90500000000000e-01  -3.05068796720000e+06  -3.63686017667537e+05
   2.30100000000000e+00  -1.48180000000000e+00   7.80700000000000e-01  -2.88688313600000e+06  -3.42456009995654e+05
   2.30400000000000e+00  -1.40430000000000e+00   6.92800000000000e-01  -2.76274067200000e+06  -3.13637450868056e+05
   2.30700000000000e+00  -1.26250000000000e+00   3.02700000000000e-01  -2.11581840000000e+06  -8.19436126571305e+04
   2.31000000000000e+00  -1.50170000000000e+00   7.89400000000000e-01  -3.07465079440000e+06  -3.66821736883117e+05
   2.31300000000000e+00  -1.38320000000000e+00   6.80850000000000e-01  -2.58916261920000e+06  -2.71263376480761e+05
   2.31600000000000e+00  -1.44410000000000e+00   7.42900000000000e-01  -2.85200232960000e+06  -3.34291734283247e+05
   2.31900000000000e+00  -1.45710000000000e+00   7.73150000000000e-01  -2.86961695520000e+06  -3.54207185683484e+05
   2.32200000000000e+00  -1.41390000000000e+00   7.08750000000000e-01  -2.74478678640000e+06  -3.14741489233420e+05
   2.32500000000000e+00  -1.41210000000000e+00   6.69900000000000e-01  -2.79599000240000e+06  -2.83995846881720e+05
   2.32800000000000e+00  -1.34640000000000e+00   5.93200000000000e-01  -2.44195588400000e+06  -1.96356960309278e+05
   2.33100000000000e+00  -1.29660000000000e+00   5.99000000000000e-01  -2.34861194720000e+06  -2.45464208065208e+05
   2.33400000000000e+00  -1.36050000000000e+00   6.64000000000000e-01  -2.53613902320000e+06  -2.70354015081405e+05
   2.33700000000000e+00  -1.30900000000000e+00   5.89300000000000e-01  -2.45006936480000e+06  -2.40252524176294e+05
   2.34000000000000e+00  -1.32610000000000e+00   5.54800000000000e-01  -2.43158509600000e+06  -2.15151333589744e+05
   2.34300000000000e+00  -1.37020000000000e+00   6.22950000000000e-01  -2.64131520960000e+06  -2.67938398207426e+05
   2.34600000000000e+00  -1.40170000000000e+00   6.99750000000000e-01  -2.62835068880000e+06  -2.88094869820972e+05
   2.34900000000000e+00  -1.37510000000000e+00   6.24150000000000e-01  -2.66204160880000e+06  -2.66265982801192e+05
   2.35200000000000e+00  -1.33930000000000e+00   6.39050000000000e-01  -2.33557387680000e+06  -2.16924869727891e+05
   2.35500000000000e+00  -1.20380000000000e+00   3.68650000000000e-01  -2.01805967360000e+06  -1.05574593630573e+05
   2.35800000000000e+00  -1.22440000000000e+00   4.28750000000000e-01  -2.15183921280000e+06  -1.48274692366412e+05
   2.36100000000000e+00  -1.31310000000000e+00   5.40550000000000e-01  -2.45737064640000e+06  -2.28001081745023e+05
   2.36400000000000e+00  -1.39180000000000e+00   7.02750000000000e-01  -2.59951547280000e+06  -2.73121326311337e+05
   2.36700000000000e+00  -1.19590000000000e+00   3.34050000000000e-01  -2.01398317920000e+06  -9.66360842416561e+04
   2.37000000000000e+00  -1.36550000000000e+00   7.13050000000000e-01  -2.56933847520000e+06  -3.06318211814346e+05
   2.37300000000000e+00  -1.37460000000000e+00   6.88300000000000e-01  -2.51139105680000e+06  -2.68554673746313e+05
   2.37600000000000e+00  -1.35700000000000e+00   6.52250000000000e-01  -2.55466712720000e+06  -2.64396890740741e+05
   2.37900000000000e+00  -1.43420000000000e+00   7.61950000000000e-01  -2.69692346320000e+06  -3.18298002017654e+05
   2.38200000000000e+00  -1.32830000000000e+00   6.65150000000000e-01  -2.42600249040000e+06  -2.61193368933669e+05
   2.38500000000000e+00  -1.29800000000000e+00   5.51400000000000e-01  -2.42560120320000e+06  -2.17425851656184e+05
   2.38800000000000e+00  -1.26200000000000e+00   4.87900000000000e-01  -2.30745519200000e+06  -2.00981210971524e+05
   2.39100000000000e+00  -1.38050000000000e+00   7.14650000000000e-01  -2.49016494560000e+06  -2.74067710581347e+05
   2.39400000000000e+00  -1.31170000000000e+00   5.82150000000000e-01  -2.40811536480000e+06  -2.37072571929825e+05
   2.39700000000000e+00  -1.35180000000000e+00   6.92250000000000e-01  -2.38885559280000e+06  -2.52717461493534e+05
   2.40000000000000e+00  -1.31240000000000e+00   6.32700000000000e-01  -2.34253390800000e+06  -2.28894388916667e+05
