   2.10000000000000e+00  -1.45972500000000e+00   3.80425000000000e-01  -1.11540013578000e+07  -3.03042167095238e+05
   2.10300000000000e+00  -1.42360000000000e+00   7.84250000000000e-02  -1.06303864082000e+07  -2.51272368758916e+04
   2.10600000000000e+00  -1.49120000000000e+00   5.12062500000000e-01  -1.12958694080000e+07  -4.95297408262108e+05
   2.10900000000000e+00  -1.45722500000000e+00   3.76387500000000e-01  -1.11612700698000e+07  -3.52676795400664e+05
   2.11200000000000e+00  -1.46397500000000e+00   1.91987500000000e-01  -1.13895252828000e+07  -9.09452563683712e+04
   2.11500000000000e+00  -1.42765000000000e+00   1.58475000000000e-01  -1.08172730426000e+07  -9.03248935697399e+04
   2.11800000000000e+00  -1.44887500000000e+00   2.73025000000000e-01  -1.09018580034000e+07  -1.54652327337110e+05
   2.12100000000000e+00  -1.48530000000000e+00   4.67875000000000e-01  -1.16279911048000e+07  -4.40628679655823e+05
   2.12400000000000e+00  -1.46107500000000e+00   3.15887500000000e-01  -1.10593319182000e+07  -1.77246794420904e+05
   2.12700000000000e+00  -1.43085000000000e+00   3.56287500000000e-01  -1.04199974990000e+07  -2.54211118641279e+05
   2.13000000000000e+00  -1.41237500000000e+00   3.82325000000000e-01  -1.03269504870000e+07  -2.72726287723005e+05
   2.13300000000000e+00  -1.34807500000000e+00   9.11250000000000e-02  -9.52467515440000e+06  -2.27497519456165e+04
   2.13600000000000e+00  -1.42482500000000e+00   3.68675000000000e-01  -1.04445918298000e+07  -2.64920402387640e+05
   2.13900000000000e+00  -1.37302500000000e+00   1.09975000000000e-01  -9.71957231500000e+06  -3.11855449041608e+04
   2.14200000000000e+00  -1.34847500000000e+00   1.26150000000000e-01  -9.22593571020000e+06  -3.21748799253035e+04
   2.14500000000000e+00  -1.50342500000000e+00   5.82937500000000e-01  -1.15327782590000e+07  -6.67353489184149e+05
   2.14800000000000e+00  -1.43365000000000e+00   3.53212500000000e-01  -1.09587052262000e+07  -2.90225996927374e+05
   2.15100000000000e+00  -1.40262500000000e+00   4.87875000000000e-01  -1.01177630376000e+07  -5.31835994049279e+05
   2.15400000000000e+00  -1.34472500000000e+00   1.05587500000000e-01  -9.32773594680000e+06  -1.98635887650882e+04
   2.15700000000000e+00  -1.38107500000000e+00   9.35875000000000e-02  -1.02423567292000e+07  -1.99994344459898e+04
   2.16000000000000e+00  -1.36790000000000e+00   1.70325000000000e-01  -9.81467032040000e+06  -7.90395300000000e+04
   2.16300000000000e+00  -1.34317500000000e+00   9.67250000000000e-02  -9.36204610280000e+06  -2.64212566343042e+04
   2.16600000000000e+00  -1.38487500000000e+00   3.13275000000000e-01  -9.92905226660000e+06  -2.16877670152355e+05
   2.16900000000000e+00  -1.34477500000000e+00   1.68950000000000e-01  -9.43781109440000e+06  -6.49314966113416e+04
   2.17200000000000e+00  -1.40687500000000e+00   4.23525000000000e-01  -1.04269983626000e+07  -3.96687196063536e+05
   2.17500000000000e+00  -1.39422500000000e+00   3.33562500000000e-01  -1.02690009496000e+07  -2.33570273632184e+05
   2.17800000000000e+00  -1.40112500000000e+00   4.05737500000000e-01  -1.02959201052000e+07  -3.13823000160698e+05
   2.18100000000000e+00  -1.32487500000000e+00   1.74525000000000e-01  -9.16273723920000e+06  -5.47833905547914e+04
   2.18400000000000e+00  -1.37480000000000e+00   2.23500000000000e-01  -9.61507399660000e+06  -8.93428318681319e+04
   2.18700000000000e+00  -1.32520000000000e+00   7.83375000000000e-02  -9.26008360540000e+06  -1.50106943301326e+04
   2.19000000000000e+00  -1.30510000000000e+00   4.08000000000000e-02  -8.81122002020000e+06  -4.54914454337899e+03
   2.19300000000000e+00  -1.33802500000000e+00   1.50087500000000e-01  -9.24101017320000e+06  -8.06996368901049e+04
   2.19600000000000e+00  -1.36695000000000e+00   3.55125000000000e-02  -9.83339813420000e+06  -2.29312217668488e+03
   2.19900000000000e+00  -1.33045000000000e+00   2.03162500000000e-01  -9.14603813860000e+06  -5.90136843792633e+04
   2.20200000000000e+00  -1.31147500000000e+00   5.75375000000000e-02  -9.06473828300000e+06  -9.33697756584923e+03
   2.20500000000000e+00  -1.31230000000000e+00   1.46750000000000e-01  -9.10697459480000e+06  -6.25092174376417e+04
   2.20800000000000e+00  -1.32750000000000e+00   2.88675000000000e-01  -9.01437508160000e+06  -1.45107370289855e+05
   2.21100000000000e+00  -1.27505000000000e+00   1.10887500000000e-01  -8.35128522260000e+06  -1.66047833785617e+04
   2.21400000000000e+00  -1.33825000000000e+00   2.28650000000000e-01  -9.22767654580000e+06  -1.12335391440831e+05
   2.21700000000000e+00  -1.44125000000000e+00   6.29550000000000e-01  -1.06213612406000e+07  -7.89681028574650e+05
   2.22000000000000e+00  -1.33045000000000e+00   1.21625000000000e-01  -9.24244339000000e+06  -5.66948030180180e+04
   2.22300000000000e+00  -1.29267500000000e+00   1.73550000000000e-01  -8.81321846640000e+06  -7.98872488304094e+04
   2.22600000000000e+00  -1.30932500000000e+00   1.55687500000000e-01  -8.96462578360000e+06  -5.05193615902965e+04
   2.22900000000000e+00  -1.32277500000000e+00   3.93300000000000e-01  -8.99463152900000e+06  -3.24287641408703e+05
   2.23200000000000e+00  -1.28032500000000e+00   6.36375000000000e-02  -8.59160415960000e+06  -6.34086202956989e+03
   2.23500000000000e+00  -1.29845000000000e+00   1.48012500000000e-01  -9.24445373840000e+06  -7.74157493512304e+04
   2.23800000000000e+00  -1.27705000000000e+00   1.26400000000000e-01  -8.38002505180000e+06  -3.23519426496872e+04
   2.24100000000000e+00  -1.31155000000000e+00   1.56737500000000e-01  -9.23491254920000e+06  -4.85482574743418e+04
   2.24400000000000e+00  -1.29997500000000e+00   2.12675000000000e-01  -8.90831002660000e+06  -1.27733481016043e+05
   2.24700000000000e+00  -1.30317500000000e+00   3.32200000000000e-01  -8.76154171640000e+06  -2.00255191054740e+05
   2.25000000000000e+00  -1.33970000000000e+00   2.66137500000000e-01  -9.52426135860000e+06  -1.78255962177778e+05
   2.25300000000000e+00  -1.25230000000000e+00   1.94612500000000e-01  -8.06067485800000e+06  -9.88012822015091e+04
   2.25600000000000e+00  -1.27680000000000e+00   1.74975000000000e-01  -8.49097282540000e+06  -4.89592250221631e+04
   2.25900000000000e+00  -1.33830000000000e+00   7.86500000000000e-02  -9.28181298960000e+06  -9.87839229747676e+03
   2.26200000000000e+00  -1.31430000000000e+00   1.43150000000000e-01  -9.33587351760000e+06  -5.59595514809903e+04
   2.26500000000000e+00  -1.31655000000000e+00   1.02925000000000e-01  -9.05275218960000e+06  -4.12479160485651e+04
   2.26800000000000e+00  -1.32135000000000e+00   4.43825000000000e-01  -9.04101459020000e+06  -3.97377286089065e+05
   2.27100000000000e+00  -1.30297500000000e+00   1.43550000000000e-01  -8.95343426000000e+06  -6.52707456847204e+04
   2.27400000000000e+00  -1.28372500000000e+00   1.90100000000000e-01  -8.57164606940000e+06  -6.85165697009674e+04
   2.27700000000000e+00  -1.30665000000000e+00   6.10000000000000e-02  -9.12656488760000e+06  -8.93835858585858e+03
   2.28000000000000e+00  -1.29915000000000e+00   1.10587500000000e-01  -8.74028485840000e+06  -2.72182973026316e+04
   2.28300000000000e+00  -1.31097500000000e+00   2.92175000000000e-01  -8.95369424000000e+06  -1.49146534296978e+05
   2.28600000000000e+00  -1.26507500000000e+00   1.42050000000000e-01  -8.50109727280000e+06  -3.71248694663167e+04
   2.28900000000000e+00  -1.23957500000000e+00   9.65250000000000e-02  -8.09127766680000e+06  -1.76888681738750e+04
   2.29200000000000e+00  -1.37560000000000e+00   5.10662500000000e-01  -9.45969577420000e+06  -4.02331995353403e+05
   2.29500000000000e+00  -1.28717500000000e+00   1.47275000000000e-01  -8.73086223260000e+06  -3.84120691067538e+04
   2.29800000000000e+00  -1.25232500000000e+00   8.86750000000000e-02  -8.20084606340000e+06  -2.21943278503046e+04
   2.30100000000000e+00  -1.24110000000000e+00   5.64375000000000e-02  -8.15875725140000e+06  -9.31627305519339e+03
   2.30400000000000e+00  -1.26330000000000e+00   1.24187500000000e-01  -8.30001020120000e+06  -2.08897038628472e+04
   2.30700000000000e+00  -1.26340000000000e+00   4.99750000000000e-02  -8.51468712780000e+06  -3.60920166883398e+03
   2.31000000000000e+00  -1.27962500000000e+00   2.38025000000000e-01  -8.44487624040000e+06  -7.89124042640693e+04
   2.31300000000000e+00  -1.21957500000000e+00   1.03562500000000e-01  -7.69043288000000e+06  -3.53222937094682e+04
   2.31600000000000e+00  -1.23645000000000e+00   8.72875000000000e-02  -8.05867072900000e+06  -1.21431964810017e+04
   2.31900000000000e+00  -1.22935000000000e+00   2.24562500000000e-01  -7.92761572500000e+06  -1.18600223178094e+05
   2.32200000000000e+00  -1.23267500000000e+00   1.09050000000000e-01  -7.98972452940000e+06  -1.22191375538329e+04
   2.32500000000000e+00  -1.25785000000000e+00   4.16500000000000e-02  -8.18863432480000e+06  -4.02533905376344e+03
   2.32800000000000e+00  -1.24955000000000e+00   1.50200000000000e-01  -8.21597302200000e+06  -4.09044274699313e+04
   2.33100000000000e+00  -1.23262500000000e+00   2.24637500000000e-01  -8.08901974300000e+06  -1.43380701565852e+05
   2.33400000000000e+00  -1.27572500000000e+00   4.61175000000000e-01  -8.41363719920000e+06  -4.07481867823479e+05
   2.33700000000000e+00  -1.21295000000000e+00   1.46400000000000e-01  -7.71212155440000e+06  -2.92753404364570e+04
   2.34000000000000e+00  -1.20717500000000e+00   9.67000000000000e-02  -7.62976922820000e+06  -2.42968975854701e+04
   2.34300000000000e+00  -1.24122500000000e+00   2.55825000000000e-01  -8.14592716120000e+06  -1.52347693512591e+05
   2.34600000000000e+00  -1.22307500000000e+00   6.98625000000000e-02  -7.93612387440000e+06  -1.15472650682012e+04
   2.34900000000000e+00  -1.25152500000000e+00   3.32775000000000e-01  -8.15880361780000e+06  -1.85346751894423e+05
   2.35200000000000e+00  -1.20382500000000e+00   4.70750000000000e-02  -7.67304094580000e+06  -5.37110201955782e+03
   2.35500000000000e+00  -1.22727500000000e+00   2.08325000000000e-01  -8.12517393120000e+06  -1.07749490912951e+05
   2.35800000000000e+00  -1.16857500000000e+00   2.12050000000000e-01  -7.20601645740000e+06  -9.94353543681086e+04
   2.36100000000000e+00  -1.20675000000000e+00   2.89687500000000e-01  -7.53671386780000e+06  -1.37162227255400e+05
   2.36400000000000e+00  -1.22080000000000e+00   1.46062500000000e-01  -7.94144955880000e+06  -2.56054470389171e+04
   2.36700000000000e+00  -1.22367500000000e+00   9.64375000000000e-02  -7.96721928620000e+06  -1.77651244824673e+04
   2.37000000000000e+00  -1.18790000000000e+00   9.22625000000000e-02  -7.47408874480000e+06  -1.89916339451477e+04
   2.37300000000000e+00  -1.21175000000000e+00   9.30125000000000e-02  -7.71400209220000e+06  -1.70021982300885e+04
   2.37600000000000e+00  -1.19102500000000e+00   1.81462500000000e-01  -7.47048257680000e+06  -6.61918987373737e+04
   2.37900000000000e+00  -1.22140000000000e+00   1.11450000000000e-01  -7.99308855900000e+06  -3.06475111181169e+04
   2.38200000000000e+00  -1.22195000000000e+00   1.26487500000000e-01  -7.83490919780000e+06  -3.12251896725441e+04
   2.38500000000000e+00  -1.21955000000000e+00   1.50212500000000e-01  -7.90069497940000e+06  -3.28833733542977e+04
   2.38800000000000e+00  -1.17180000000000e+00   6.97875000000000e-02  -7.30547341380000e+06  -9.55460835427135e+03
   2.39100000000000e+00  -1.19520000000000e+00   6.22750000000000e-02  -7.62129651180000e+06  -9.48876409452112e+03
   2.39400000000000e+00  -1.21497500000000e+00   1.96612500000000e-01  -7.60418614600000e+06  -5.11624907268170e+04
   2.39700000000000e+00  -1.16940000000000e+00   1.39500000000000e-01  -7.18640412880000e+06  -3.79291484355444e+04
   2.40000000000000e+00  -1.21710000000000e+00   1.61787500000000e-01  -7.93887155020000e+06  -7.47278956250000e+04
