   2.1000000000000001e+00  -1.6298699999999999e+00   8.0566000000000004e-01   1.5905018684807599e+00   8.4141836952380835e+00
   2.1030000000000002e+00  -1.6518800000000000e+00   8.6481500000000000e-01   9.9105895185399462e-01   8.3701203518784428e-01
   2.1059999999999999e+00  -1.6350600000000000e+00   8.3887500000000004e-01   1.3775498214750919e+00   2.3185108024691266e+00
   2.1090000000000000e+00  -1.6069300000000000e+00   7.8173000000000004e-01   1.9395550465491163e+00   8.7690482882882765e+00
   2.1120000000000001e+00  -1.6540699999999999e+00   8.6241000000000001e-01   1.0713253899075599e+00   1.0731329356060610e+00
   2.1150000000000002e+00  -1.6361800000000000e+00   8.5481499999999999e-01   1.1619721878510771e+00   8.9706681323877990e-01
   2.1179999999999999e+00  -1.6112299999999999e+00   7.9969999999999997e-01   1.8073946058827886e+00   7.7274995278564784e+00
   2.1210000000000000e+00  -1.6129199999999999e+00   8.1403499999999995e-01   1.4256815424925164e+00   4.2097866619519264e+00
   2.1240000000000001e+00  -1.6088100000000001e+00   8.0456000000000005e-01   1.7200680147254359e+00   5.9306226741996060e+00
   2.1270000000000002e+00  -1.6400300000000001e+00   8.5929500000000003e-01   9.7662105567726409e-01   9.2516746121295745e-01
   2.1299999999999999e+00  -1.6060500000000000e+00   7.8319499999999997e-01   1.8323434503736062e+00   1.0191111169014063e+01
   2.1330000000000000e+00  -1.6308800000000001e+00   8.3965999999999996e-01   1.1980269948121958e+00   3.3824349554618158e+00
   2.1360000000000001e+00  -1.6157800000000000e+00   8.3740999999999999e-01   1.2091444332225034e+00   1.8893430524344641e+00
   2.1390000000000002e+00  -1.4389000000000001e+00   4.3128000000000000e-01   2.5072417869697232e+00   2.1540927835437113e+01
   2.1419999999999999e+00  -1.5438499999999999e+00   7.1552000000000004e-01   2.2927582797825159e+00   1.1431994323062545e+01
   2.1450000000000000e+00  -1.6026400000000001e+00   8.1698499999999996e-01   1.3734878988920789e+00   4.0666078834498913e+00
   2.1480000000000001e+00  -1.5986800000000001e+00   8.2193499999999997e-01   1.3239163710385071e+00   2.1456295670391032e+00
   2.1510000000000002e+00  -1.5624300000000000e+00   7.7412000000000003e-01   1.5878093827679369e+00   4.5073966713156421e+00
   2.1539999999999999e+00  -1.5907800000000001e+00   8.0627499999999996e-01   1.4814175350387793e+00   4.4331196610956489e+00
   2.1570000000000000e+00  -1.5693400000000000e+00   7.9003000000000001e-01   1.6868467318295612e+00   3.4754008530366374e+00
   2.1600000000000001e+00  -1.5997200000000000e+00   8.2066499999999998e-01   1.2355042524005238e+00   1.8225801435184992e+00
   2.1630000000000003e+00  -1.5769800000000000e+00   8.0055500000000002e-01   1.3561479674660828e+00   4.2367576467868888e+00
   2.1659999999999999e+00  -1.5955900000000001e+00   8.2890500000000000e-01   1.2809270016173622e+00   1.5468930701754355e+00
   2.1690000000000000e+00  -1.5282199999999999e+00   7.1430499999999997e-01   1.6141299135030773e+00   5.9938943245735423e+00
   2.1720000000000002e+00  -1.5605500000000001e+00   7.8193500000000005e-01   1.4237624597675136e+00   3.9927036418047970e+00
   2.1750000000000003e+00  -1.5497600000000000e+00   7.5639500000000004e-01   1.9322049327520199e+00   7.1296053287356376e+00
   2.1779999999999999e+00  -1.6006499999999999e+00   8.3614500000000003e-01   1.2099522227871706e+00   1.0397546326905196e+00
   2.1810000000000000e+00  -1.5334300000000001e+00   7.5835500000000000e-01   1.6030517488686138e+00   5.1948407106831782e+00
   2.1840000000000002e+00  -1.5933800000000000e+00   8.2992999999999995e-01   1.4057426974734841e+00   1.4900357326007576e+00
   2.1870000000000003e+00  -1.5767599999999999e+00   8.1687500000000002e-01   1.3579600787711972e+00   2.3290277777777768e+00
   2.1899999999999999e+00  -1.5233900000000000e+00   7.4642500000000001e-01   1.7904720835678851e+00   6.1973779680365420e+00
   2.1930000000000001e+00  -1.5472399999999999e+00   7.8216500000000000e-01   1.6417018457559929e+00   3.8006908846329401e+00
   2.1960000000000002e+00  -1.5573600000000001e+00   7.9579999999999995e-01   1.2830938185341403e+00   3.1588633879781525e+00
   2.1990000000000003e+00  -1.5474399999999999e+00   7.8498999999999997e-01   1.3816562946363773e+00   3.2092223556162098e+00
   2.2020000000000000e+00  -1.4125799999999999e+00   5.2519499999999997e-01   2.4093482516513047e+00   1.5970651584922797e+01
   2.2050000000000001e+00  -1.4805999999999999e+00   6.7545999999999995e-01   1.9100716265342037e+00   8.9631180770974961e+00
   2.2080000000000002e+00  -1.4892799999999999e+00   6.4949500000000004e-01   2.2233611636210919e+00   1.5566688401268120e+01
   2.2110000000000003e+00  -1.5197099999999999e+00   7.5265499999999996e-01   1.3468953820593133e+00   3.0885166847580181e+00
   2.2140000000000000e+00  -1.5267800000000000e+00   7.4841500000000005e-01   2.0174508771886925e+00   6.8912579539295411e+00
   2.2170000000000001e+00  -1.4752099999999999e+00   6.8310999999999999e-01   1.8797426374171669e+00   1.0309396102841660e+01
   2.2200000000000002e+00  -1.4985599999999999e+00   7.4099499999999996e-01   1.3769764142521004e+00   3.7105738693693517e+00
   2.2229999999999999e+00  -1.5564499999999999e+00   8.1084000000000001e-01   1.0609968697190537e+00   1.2757344849302668e+00
   2.2260000000000000e+00  -1.5222100000000001e+00   7.6271000000000000e-01   1.5780517513757581e+00   3.7366228032344884e+00
   2.2290000000000001e+00  -1.4680000000000000e+00   6.7144499999999996e-01   2.0966254807091325e+00   1.0640536020637073e+01
   2.2320000000000002e+00  -1.4574199999999999e+00   6.6401500000000002e-01   1.9193406752226008e+00   9.3431728987455180e+00
   2.2350000000000003e+00  -1.4941400000000000e+00   7.0531500000000003e-01   1.5966015865151422e+00   9.1319688187919557e+00
   2.2380000000000000e+00  -1.5164100000000000e+00   7.7227000000000001e-01   1.2157551544889214e+00   2.7793024307417116e+00
   2.2410000000000001e+00  -1.4862299999999999e+00   7.5575000000000003e-01   1.2811969460468673e+00   2.2403458277554491e+00
   2.2440000000000002e+00  -1.5052500000000000e+00   7.7054999999999996e-01   1.4638789197416078e+00   2.3858819073083555e+00
   2.2469999999999999e+00  -1.4996100000000001e+00   7.5463499999999994e-01   1.3440061524944453e+00   3.8857929283489279e+00
   2.2500000000000000e+00  -1.4642100000000000e+00   7.1887500000000004e-01   1.5428879723457021e+00   4.8553083333333298e+00
   2.2530000000000001e+00  -1.4430600000000000e+00   6.7798499999999995e-01   2.0338999714145385e+00   8.2218312960496984e+00
   2.2560000000000002e+00  -1.4093199999999999e+00   6.0036999999999996e-01   2.4096292943011028e+00   1.4088707996453905e+01
   2.2589999999999999e+00  -1.4155800000000001e+00   6.0611499999999996e-01   2.0871989764614969e+00   1.1704848477202299e+01
   2.2620000000000000e+00  -1.3743099999999999e+00   5.1765000000000005e-01   2.0625178456816520e+00   1.4484301945181254e+01
   2.2650000000000001e+00  -1.4693700000000001e+00   7.0618499999999995e-01   1.4542756389826659e+00   5.1194473774834490e+00
   2.2680000000000002e+00  -1.4429900000000000e+00   7.1043999999999996e-01   1.3911020205978917e+00   3.7433873721340518e+00
   2.2709999999999999e+00  -1.4700299999999999e+00   7.4497500000000005e-01   1.2695365085126731e+00   2.0471993615147537e+00
   2.2740000000000000e+00  -1.4475300000000000e+00   6.9619500000000001e-01   2.0005120094928266e+00   8.5758130123130982e+00
   2.2770000000000001e+00  -1.4215199999999999e+00   6.9672000000000001e-01   1.4547869020734072e+00   3.3325501273605740e+00
   2.2800000000000002e+00  -1.3887400000000001e+00   5.8809000000000000e-01   1.7476309941520567e+00   1.2531684543859658e+01
   2.2829999999999999e+00  -1.4190700000000001e+00   6.5900499999999995e-01   1.5497383179757387e+00   8.0489417389400106e+00
   2.2860000000000000e+00  -1.3750899999999999e+00   6.1704000000000003e-01   1.3091511341047475e+00   5.1039524759405017e+00
   2.2890000000000001e+00  -1.4026799999999999e+00   6.4505000000000001e-01   1.5622662911361580e+00   5.5933328964613409e+00
   2.2920000000000003e+00  -1.4321400000000000e+00   6.9115499999999996e-01   1.4409342762899522e+00   5.0706441492146617e+00
   2.2949999999999999e+00  -1.4008100000000001e+00   6.5173000000000003e-01   1.5287600799312886e+00   4.9673476427015215e+00
   2.2980000000000000e+00  -1.3567600000000000e+00   5.3536499999999998e-01   1.6951587220431035e+00   1.1935925461270676e+01
   2.3010000000000002e+00  -1.3948799999999999e+00   6.3489499999999999e-01   1.4819764964347550e+00   6.9507455845284651e+00
   2.3040000000000003e+00  -1.3766200000000000e+00   6.1793500000000001e-01   1.6436372432002164e+00   7.2295418012152775e+00
   2.3069999999999999e+00  -1.3371700000000000e+00   5.5793499999999996e-01   2.0492157431942704e+00   9.4791089336800987e+00
   2.3100000000000001e+00  -1.4099600000000001e+00   6.7781999999999998e-01   1.3608439422049743e+00   6.2766835670995711e+00
   2.3130000000000002e+00  -1.3889199999999999e+00   6.3851500000000005e-01   1.5448039867146826e+00   7.7542360181582382e+00
   2.3160000000000003e+00  -1.3338000000000001e+00   5.5208999999999997e-01   1.5584728598232314e+00   9.3962403972366086e+00
   2.3190000000000000e+00  -1.3564700000000001e+00   5.7791999999999999e-01   1.6325931256521051e+00   9.5398315825786959e+00
   2.3220000000000001e+00  -1.3675800000000000e+00   6.1149500000000001e-01   1.5596866285190201e+00   8.3333918992248055e+00
   2.3250000000000002e+00  -1.3323199999999999e+00   5.5808000000000002e-01   1.5019330863683877e+00   9.4140840602150604e+00
   2.3280000000000003e+00  -1.3827100000000001e+00   6.3375999999999999e-01   1.3338851026204686e+00   7.6219780756013789e+00
   2.3310000000000000e+00  -1.3251400000000000e+00   5.1395000000000002e-01   1.7471547959063873e+00   1.1181638352638350e+01
   2.3340000000000001e+00  -1.3478399999999999e+00   5.7946500000000001e-01   1.6755061829561830e+00   7.8426201842330752e+00
   2.3370000000000002e+00  -1.3203000000000000e+00   5.1850499999999999e-01   1.9489425108425613e+00   1.1713340175438605e+01
   2.3399999999999999e+00  -1.3151500000000000e+00   5.4407000000000005e-01   1.3848328950252289e+00   8.8969290769230831e+00
   2.3430000000000000e+00  -1.2586299999999999e+00   4.1385499999999997e-01   1.7393187141837307e+00   1.1369255480153647e+01
   2.3460000000000001e+00  -1.3069000000000000e+00   5.3772500000000001e-01   1.5130715320339987e+00   8.2849018542199460e+00
   2.3490000000000002e+00  -1.3102000000000000e+00   5.3929000000000005e-01   1.2845958018420529e+00   7.8219235249042125e+00
   2.3520000000000003e+00  -1.2822300000000000e+00   5.0499499999999997e-01   1.5154946362048005e+00   8.9342729549319717e+00
   2.3550000000000000e+00  -1.2974800000000000e+00   5.1388000000000000e-01   1.5373641193467629e+00   1.0511243414012744e+01
   2.3580000000000001e+00  -1.3662700000000001e+00   6.4605000000000001e-01   1.5296230183138464e+00   5.9580742154367936e+00
   2.3610000000000002e+00  -1.2868100000000000e+00   4.6999000000000002e-01   1.6382783768641804e+00   1.1850571774671742e+01
   2.3639999999999999e+00  -1.2946100000000000e+00   4.9062499999999998e-01   1.5829409486917234e+00   1.0979015968697125e+01
   2.3670000000000000e+00  -1.3216100000000000e+00   5.8260999999999996e-01   1.5008870133609047e+00   7.9033439628221291e+00
   2.3700000000000001e+00  -1.2303999999999999e+00   4.2832999999999999e-01   1.1261186775623464e+00   5.9910904810126588e+00
   2.3730000000000002e+00  -1.2504999999999999e+00   4.7893000000000002e-01   1.3943029896846770e+00   7.3024113105773241e+00
   2.3760000000000003e+00  -1.2289900000000000e+00   4.0836499999999998e-01   1.4815296554206514e+00   8.0162040025252566e+00
   2.3790000000000000e+00  -1.2590500000000000e+00   5.1457500000000000e-01   1.2059279024941647e+00   5.9844715216477447e+00
   2.3820000000000001e+00  -1.2611600000000001e+00   5.0985000000000003e-01   1.3955389180397915e+00   7.9284932829554995e+00
   2.3850000000000002e+00  -1.2879300000000000e+00   5.7820000000000005e-01   1.2869965657124782e+00   4.9178549266247380e+00
   2.3879999999999999e+00  -1.2167600000000001e+00   3.9106500000000000e-01   1.4424370877278638e+00   9.7532480360134066e+00
   2.3910000000000000e+00  -1.2985899999999999e+00   5.9670500000000004e-01   1.4071527394045658e+00   4.1756031744040234e+00
   2.3940000000000001e+00  -1.2937900000000000e+00   5.4927999999999999e-01   1.4892100691718260e+00   8.5834054469507191e+00
   2.3970000000000002e+00  -1.2428600000000001e+00   4.6240500000000001e-01   1.4825666278370147e+00   9.3934903587818113e+00
   2.3999999999999999e+00  -1.2349800000000000e+00   4.7135500000000002e-01   1.3882638611111007e+00   8.6538981624999973e+00
