   2.10000000000000e+00  -1.67224800000000e+00   8.79544000000000e-01  -9.31540373036480e+07  -1.22822360812000e+07
   2.10300000000000e+00  -1.66736800000000e+00   8.73874000000000e-01  -9.31839433744960e+07  -1.22316605893638e+07
   2.10600000000000e+00  -1.65403600000000e+00   8.58252000000000e-01  -9.12057101830720e+07  -1.16827158655309e+07
   2.10900000000000e+00  -1.66278400000000e+00   8.74878000000000e-01  -9.22863466238720e+07  -1.21479291693921e+07
   2.11200000000000e+00  -1.65988400000000e+00   8.70484000000000e-01  -9.16832267924480e+07  -1.19409539508598e+07
   2.11500000000000e+00  -1.64492400000000e+00   8.57324000000000e-01  -9.05179047929600e+07  -1.16889915284842e+07
   2.11800000000000e+00  -1.64236400000000e+00   8.60806000000000e-01  -9.00324183166080e+07  -1.17314267177866e+07
   2.12100000000000e+00  -1.64862000000000e+00   8.64118000000000e-01  -9.06150723654080e+07  -1.17176029765658e+07
   2.12400000000000e+00  -1.64749600000000e+00   8.67160000000000e-01  -9.06637559033600e+07  -1.18200892953296e+07
   2.12700000000000e+00  -1.63706400000000e+00   8.52066000000000e-01  -8.95186059314880e+07  -1.13918813244156e+07
   2.13000000000000e+00  -1.64016400000000e+00   8.61622000000000e-01  -8.91135424455040e+07  -1.15501004204845e+07
   2.13300000000000e+00  -1.63423600000000e+00   8.58472000000000e-01  -8.95487068584960e+07  -1.15845175394580e+07
   2.13600000000000e+00  -1.63235200000000e+00   8.52540000000000e-01  -8.95623450654720e+07  -1.14794017622584e+07
   2.13900000000000e+00  -1.62195600000000e+00   8.49022000000000e-01  -8.79180139361600e+07  -1.13139086319738e+07
   2.14200000000000e+00  -1.62776000000000e+00   8.52862000000000e-01  -8.87111315492800e+07  -1.13916702047507e+07
   2.14500000000000e+00  -1.61761600000000e+00   8.42542000000000e-01  -8.70989450342400e+07  -1.10759181218872e+07
   2.14800000000000e+00  -1.61988400000000e+00   8.45930000000000e-01  -8.78403859358400e+07  -1.11832221034637e+07
   2.15100000000000e+00  -1.61093200000000e+00   8.38606000000000e-01  -8.70045077006400e+07  -1.10559208401934e+07
   2.15400000000000e+00  -1.61152800000000e+00   8.38938000000000e-01  -8.65799206355520e+07  -1.09325257386407e+07
   2.15700000000000e+00  -1.60467600000000e+00   8.43176000000000e-01  -8.58151985780800e+07  -1.09559684102550e+07
   2.16000000000000e+00  -1.61355200000000e+00   8.46438000000000e-01  -8.76303523943040e+07  -1.12387685451889e+07
   2.16300000000000e+00  -1.61044800000000e+00   8.43492000000000e-01  -8.65985872915840e+07  -1.09679160749921e+07
   2.16600000000000e+00  -1.59954000000000e+00   8.32538000000000e-01  -8.54560927365440e+07  -1.07374362845873e+07
   2.16900000000000e+00  -1.59937200000000e+00   8.35398000000000e-01  -8.48654115887040e+07  -1.06071097903808e+07
   2.17200000000000e+00  -1.58500800000000e+00   8.24120000000000e-01  -8.33278031673280e+07  -1.03819529749761e+07
   2.17500000000000e+00  -1.59545200000000e+00   8.33296000000000e-01  -8.52291401797120e+07  -1.07589394528441e+07
   2.17800000000000e+00  -1.58662400000000e+00   8.17804000000000e-01  -8.46505583173760e+07  -1.04628706488926e+07
   2.18100000000000e+00  -1.57415200000000e+00   8.14952000000000e-01  -8.30657695998720e+07  -1.02736781573773e+07
   2.18400000000000e+00  -1.57532800000000e+00   8.18614000000000e-01  -8.33687035682240e+07  -1.03601688006410e+07
   2.18700000000000e+00  -1.56490400000000e+00   8.14094000000000e-01  -8.25494052423680e+07  -1.03058576851724e+07
   2.19000000000000e+00  -1.56598800000000e+00   8.11876000000000e-01  -8.18778369926720e+07  -1.01180967999379e+07
   2.19300000000000e+00  -1.55930400000000e+00   8.00098000000000e-01  -8.19384240596800e+07  -1.00102757331436e+07
   2.19600000000000e+00  -1.58191600000000e+00   8.28284000000000e-01  -8.34823783420160e+07  -1.04350243058470e+07
   2.19900000000000e+00  -1.55572400000000e+00   8.06176000000000e-01  -8.10465893336640e+07  -9.97292187606730e+06
   2.20200000000000e+00  -1.56641600000000e+00   8.17164000000000e-01  -8.22613782269440e+07  -1.02066503126176e+07
   2.20500000000000e+00  -1.55022400000000e+00   8.02648000000000e-01  -8.08961832315200e+07  -9.95445038712381e+06
   2.20800000000000e+00  -1.54352400000000e+00   7.97196000000000e-01  -7.99336720348800e+07  -9.75900427315580e+06
   2.21100000000000e+00  -1.55920400000000e+00   8.10058000000000e-01  -8.11140613528960e+07  -9.91447750943826e+06
   2.21400000000000e+00  -1.53666400000000e+00   7.85590000000000e-01  -7.96474765928960e+07  -9.56832071192412e+06
   2.21700000000000e+00  -1.52134000000000e+00   7.76530000000000e-01  -7.79387820316800e+07  -9.24877516045467e+06
   2.22000000000000e+00  -1.55146000000000e+00   8.08428000000000e-01  -8.09176562188800e+07  -9.95693392303063e+06
   2.22300000000000e+00  -1.54666400000000e+00   8.08732000000000e-01  -8.00859025132800e+07  -9.88417174733603e+06
   2.22600000000000e+00  -1.54590800000000e+00   8.03510000000000e-01  -8.02464970637760e+07  -9.79308241056963e+06
   2.22900000000000e+00  -1.52598400000000e+00   7.95176000000000e-01  -7.76648100649280e+07  -9.46375383606281e+06
   2.23200000000000e+00  -1.54524800000000e+00   8.11308000000000e-01  -7.98192166499520e+07  -9.87165612517921e+06
   2.23500000000000e+00  -1.50624000000000e+00   7.58472000000000e-01  -7.62452688253760e+07  -8.79651794299776e+06
   2.23800000000000e+00  -1.52578800000000e+00   7.88612000000000e-01  -7.83456574851520e+07  -9.46090993438427e+06
   2.24100000000000e+00  -1.50683600000000e+00   7.71814000000000e-01  -7.61973495581120e+07  -8.99698815350290e+06
   2.24400000000000e+00  -1.49607600000000e+00   7.59778000000000e-01  -7.51937822295040e+07  -8.74653923703744e+06
   2.24700000000000e+00  -1.52084800000000e+00   7.89512000000000e-01  -7.77402918004800e+07  -9.42403348742323e+06
   2.25000000000000e+00  -1.46465200000000e+00   7.21240000000000e-01  -7.24332128915840e+07  -8.00338903401244e+06
   2.25300000000000e+00  -1.51254800000000e+00   7.81674000000000e-01  -7.62965038155200e+07  -9.03805791106969e+06
   2.25600000000000e+00  -1.50052000000000e+00   7.72714000000000e-01  -7.55901291195520e+07  -8.91929427878723e+06
   2.25900000000000e+00  -1.49452000000000e+00   7.62942000000000e-01  -7.53441638073280e+07  -8.84189903150421e+06
   2.26200000000000e+00  -1.49368000000000e+00   7.71540000000000e-01  -7.52715404582720e+07  -9.04569617185500e+06
   2.26500000000000e+00  -1.44811200000000e+00   7.09372000000000e-01  -7.01847208384960e+07  -7.57223762118499e+06
   2.26800000000000e+00  -1.49022800000000e+00   7.60480000000000e-01  -7.52783598525440e+07  -8.88139171292063e+06
   2.27100000000000e+00  -1.47911200000000e+00   7.45274000000000e-01  -7.36068527962240e+07  -8.34467969365742e+06
   2.27400000000000e+00  -1.47958800000000e+00   7.54444000000000e-01  -7.29636639696320e+07  -8.38083238994547e+06
   2.27700000000000e+00  -1.49124800000000e+00   7.62126000000000e-01  -7.49511216210240e+07  -8.75096896382257e+06
   2.28000000000000e+00  -1.46613200000000e+00   7.38202000000000e-01  -7.17668882464640e+07  -8.01501623100702e+06
   2.28300000000000e+00  -1.43876800000000e+00   7.15162000000000e-01  -7.01060179034880e+07  -7.66304466589926e+06
   2.28600000000000e+00  -1.45598000000000e+00   7.41004000000000e-01  -7.15568965082880e+07  -8.29492492591426e+06
   2.28900000000000e+00  -1.45624400000000e+00   7.22442000000000e-01  -7.06888615072960e+07  -7.63776222431105e+06
   2.29200000000000e+00  -1.46375600000000e+00   7.49894000000000e-01  -7.16390444975040e+07  -8.30571142837696e+06
   2.29500000000000e+00  -1.43491200000000e+00   7.13544000000000e-01  -6.99825521537920e+07  -7.80604646260218e+06
   2.29800000000000e+00  -1.39160000000000e+00   6.43970000000000e-01  -6.55751581186880e+07  -6.48380244816014e+06
   2.30100000000000e+00  -1.42883600000000e+00   7.04622000000000e-01  -6.89677905503680e+07  -7.48222327910995e+06
   2.30400000000000e+00  -1.43169200000000e+00   7.07196000000000e-01  -6.97797928255360e+07  -7.68209486009375e+06
   2.30700000000000e+00  -1.44961600000000e+00   7.39448000000000e-01  -7.06258862752000e+07  -8.09332587937581e+06
   2.31000000000000e+00  -1.39328800000000e+00   6.61946000000000e-01  -6.53077207984320e+07  -6.53085943781125e+06
   2.31300000000000e+00  -1.40588000000000e+00   6.75422000000000e-01  -6.64579583520320e+07  -6.89856969806831e+06
   2.31600000000000e+00  -1.40572000000000e+00   6.87192000000000e-01  -6.69386728638720e+07  -7.13472398588601e+06
   2.31900000000000e+00  -1.42366400000000e+00   7.19036000000000e-01  -6.87404282438400e+07  -7.72603153559983e+06
   2.32200000000000e+00  -1.41716000000000e+00   7.13734000000000e-01  -6.70037148208000e+07  -7.41741546614987e+06
   2.32500000000000e+00  -1.41290000000000e+00   6.96354000000000e-01  -6.76424361061120e+07  -7.36508941320946e+06
   2.32800000000000e+00  -1.39761600000000e+00   6.77548000000000e-01  -6.62356231642880e+07  -7.00459008501031e+06
   2.33100000000000e+00  -1.40142400000000e+00   6.76876000000000e-01  -6.63515123156480e+07  -6.83689350509824e+06
   2.33400000000000e+00  -1.39133200000000e+00   6.66508000000000e-01  -6.55193212573440e+07  -6.81841700051071e+06
   2.33700000000000e+00  -1.37801600000000e+00   6.52604000000000e-01  -6.42122808266560e+07  -6.39853559686093e+06
   2.34000000000000e+00  -1.38093600000000e+00   6.70938000000000e-01  -6.48557221087680e+07  -6.85928574134017e+06
   2.34300000000000e+00  -1.37273600000000e+00   6.58338000000000e-01  -6.39506583331520e+07  -6.55575634462484e+06
   2.34600000000000e+00  -1.38419200000000e+00   6.66500000000000e-01  -6.51169949425280e+07  -6.70221858734186e+06
   2.34900000000000e+00  -1.36625600000000e+00   6.48852000000000e-01  -6.28745709611200e+07  -6.19137274551894e+06
   2.35200000000000e+00  -1.35756400000000e+00   6.30316000000000e-01  -6.24622365327680e+07  -6.08245008142517e+06
   2.35500000000000e+00  -1.37563200000000e+00   6.73978000000000e-01  -6.46813759008640e+07  -6.84423315752696e+06
   2.35800000000000e+00  -1.33665200000000e+00   5.98554000000000e-01  -6.07391470524480e+07  -5.55584239003223e+06
   2.36100000000000e+00  -1.34727200000000e+00   6.29138000000000e-01  -6.15035798676800e+07  -5.96626149672850e+06
   2.36400000000000e+00  -1.35688800000000e+00   6.54824000000000e-01  -6.16525060739520e+07  -6.24123773544501e+06
   2.36700000000000e+00  -1.34062800000000e+00   5.96868000000000e-01  -6.20062439257920e+07  -5.78132708635403e+06
   2.37000000000000e+00  -1.34272000000000e+00   6.34968000000000e-01  -6.09581438983360e+07  -5.91035360709873e+06
   2.37300000000000e+00  -1.33896000000000e+00   6.27192000000000e-01  -6.13081784885440e+07  -6.02503484279140e+06
   2.37600000000000e+00  -1.34859600000000e+00   6.45090000000000e-01  -6.15631935231040e+07  -6.24186842054546e+06
   2.37900000000000e+00  -1.32880800000000e+00   6.09738000000000e-01  -5.97162335412480e+07  -5.55837068300967e+06
   2.38200000000000e+00  -1.29523600000000e+00   5.43828000000000e-01  -5.73950954152320e+07  -4.77701486470193e+06
   2.38500000000000e+00  -1.28875600000000e+00   5.39976000000000e-01  -5.67951289827840e+07  -4.72476261315891e+06
   2.38800000000000e+00  -1.31484800000000e+00   5.99002000000000e-01  -5.83717698392320e+07  -5.26194834599665e+06
   2.39100000000000e+00  -1.31579200000000e+00   6.03128000000000e-01  -5.89426442526080e+07  -5.55494969989795e+06
   2.39400000000000e+00  -1.31148400000000e+00   6.00842000000000e-01  -5.87506159776640e+07  -5.52569251960902e+06
   2.39700000000000e+00  -1.30670400000000e+00   5.92176000000000e-01  -5.79721552739840e+07  -5.31200568076429e+06
   2.40000000000000e+00  -1.29220400000000e+00   5.60726000000000e-01  -5.65347782151360e+07  -4.77767159241667e+06
