   2.1000000000000001e+00  -1.6617834250000001e+00   8.6836056875000001e-01   9.6768061959875273e-01   9.8131150799163147e-01
   2.1050000000000000e+00  -1.6572640400000000e+00   8.6594870499999999e-01   9.7971086071625102e-01   1.0338287929295853e+00
   2.1099999999999999e+00  -1.6524111749999999e+00   8.6321716125000003e-01   9.9092076462580037e-01   1.0534924526476264e+00
   2.1150000000000002e+00  -1.6472609375000000e+00   8.6010872999999999e-01   1.0098604091219132e+00   1.0976853283495369e+00
   2.1200000000000001e+00  -1.6424947000000001e+00   8.5724366750000003e-01   1.0263290394837865e+00   1.1675575919051759e+00
   2.1250000000000000e+00  -1.6370742650000001e+00   8.5393046625000002e-01   1.0441706075097812e+00   1.2277114016904414e+00
   2.1299999999999999e+00  -1.6316306675000001e+00   8.5023281500000003e-01   1.0627377433062757e+00   1.3835173006954617e+00
   2.1350000000000002e+00  -1.6262511074999999e+00   8.4676165749999999e-01   1.0766256071249773e+00   1.4295231759084297e+00
   2.1400000000000001e+00  -1.6207896575000000e+00   8.4300639499999996e-01   1.1125429547671404e+00   1.6359909684888918e+00
   2.1450000000000000e+00  -1.6153207900000000e+00   8.3938697250000005e-01   1.1168964111347239e+00   1.7601895154566973e+00
   2.1499999999999999e+00  -1.6093507625000001e+00   8.3510089249999997e-01   1.1479448166726487e+00   1.9758158642445356e+00
   2.1550000000000002e+00  -1.6036218799999999e+00   8.3134182624999997e-01   1.1651117374313376e+00   1.9655733091433654e+00
   2.1600000000000001e+00  -1.5978973299999999e+00   8.2764733749999997e-01   1.1774793223151419e+00   2.0001526975267079e+00
   2.1650000000000000e+00  -1.5922210250000000e+00   8.2373113374999996e-01   1.1926871222778284e+00   2.0968609782925611e+00
   2.1699999999999999e+00  -1.5851724675000001e+00   8.1707197875000004e-01   1.2423764356725939e+00   2.6590937944678328e+00
   2.1750000000000003e+00  -1.5799405150000001e+00   8.1313849625000001e-01   1.2702206449369318e+00   3.0466721004882058e+00
   2.1800000000000002e+00  -1.5734287950000001e+00   8.0846862500000005e-01   1.2892297878453614e+00   3.1357728830160738e+00
   2.1850000000000001e+00  -1.5668460650000000e+00   8.0292772749999997e-01   1.3091375396896423e+00   3.4687215669094735e+00
   2.1899999999999999e+00  -1.5603149249999999e+00   7.9687024375000004e-01   1.3474182263902612e+00   3.9570983122397942e+00
   2.1950000000000003e+00  -1.5534586200000000e+00   7.9164730250000004e-01   1.3647454665163679e+00   3.8507886110056622e+00
   2.2000000000000002e+00  -1.5466335175000001e+00   7.8451599500000002e-01   1.4171365171329120e+00   5.0596312352982000e+00
   2.2050000000000001e+00  -1.5389714025000001e+00   7.7763164250000005e-01   1.4351681304584487e+00   5.0575036428133719e+00
   2.2100000000000000e+00  -1.5331306350000000e+00   7.7312912374999998e-01   1.4603162750956624e+00   5.3912388496794259e+00
   2.2150000000000003e+00  -1.5234727324999999e+00   7.5923132375000002e-01   1.5621054754671133e+00   7.9225081586530326e+00
   2.2200000000000002e+00  -1.5156550849999999e+00   7.5091681875000005e-01   1.5902888852017643e+00   8.3871882125708535e+00
   2.2250000000000001e+00  -1.5076248974999999e+00   7.4026139999999996e-01   1.6453122890511689e+00   1.0322597124523174e+01
   2.2300000000000000e+00  -1.5013328050000001e+00   7.3819213625000002e-01   1.6118397533290600e+00   8.5257819858108856e+00
   2.2350000000000003e+00  -1.4932614550000001e+00   7.2937771750000002e-01   1.6588515228148628e+00   9.4917245584717680e+00
   2.2400000000000002e+00  -1.4848889700000001e+00   7.1901202625000005e-01   1.6917202359179226e+00   1.0389802736647717e+01
   2.2450000000000001e+00  -1.4744714025000001e+00   7.0138091499999999e-01   1.7930317300992460e+00   1.3774820800899954e+01
   2.2500000000000000e+00  -1.4663280550000000e+00   6.9148207875000001e-01   1.8065181613566330e+00   1.4145427349167164e+01
   2.2549999999999999e+00  -1.4545034349999999e+00   6.7128636875000003e-01   1.8952335528579187e+00   1.7124590550422329e+01
   2.2600000000000002e+00  -1.4470905425000000e+00   6.6297242624999997e-01   1.9015771480320183e+00   1.7675076366814810e+01
   2.2650000000000001e+00  -1.4388322425000000e+00   6.5254864374999999e-01   1.9209292999572776e+00   1.8115030819671905e+01
   2.2700000000000000e+00  -1.4271985850000000e+00   6.3048761499999995e-01   1.9898670958871303e+00   2.1721317116995131e+01
   2.2749999999999999e+00  -1.4192767175000001e+00   6.2024372500000002e-01   1.9721322989746048e+00   2.2318567921757822e+01
   2.2800000000000002e+00  -1.4083657725000001e+00   6.0055451000000004e-01   2.0022715971770064e+00   2.4120236831077161e+01
   2.2850000000000001e+00  -1.3972289449999999e+00   5.7915916749999996e-01   2.0336870536511671e+00   2.6149439882333070e+01
   2.2900000000000000e+00  -1.3895675750000001e+00   5.7338111749999998e-01   1.9924253797201463e+00   2.4959130557258469e+01
   2.2949999999999999e+00  -1.3785262300000001e+00   5.4799330250000000e-01   2.0122908706868441e+00   2.8347001570470436e+01
   2.3000000000000003e+00  -1.3686437275000001e+00   5.3126885374999999e-01   1.9944968525233802e+00   2.8590878858155524e+01
   2.3050000000000002e+00  -1.3589206224999999e+00   5.1424970000000003e-01   1.9949403890889563e+00   2.9314220776510158e+01
   2.3100000000000001e+00  -1.3489888249999999e+00   4.9472774874999997e-01   1.9423093120800325e+00   3.0310147343857569e+01
   2.3149999999999999e+00  -1.3397082950000001e+00   4.8044346375000002e-01   1.9235083231453178e+00   2.9884043747880714e+01
   2.3200000000000003e+00  -1.3282094775000000e+00   4.5236952000000002e-01   1.9062041016430771e+00   3.1409003193944542e+01
   2.3250000000000002e+00  -1.3221894025000001e+00   4.4911191499999997e-01   1.8723565132077962e+00   3.0608057874431129e+01
   2.3300000000000001e+00  -1.3116175550000000e+00   4.2560472249999998e-01   1.7933449658891245e+00   3.0345931507346272e+01
   2.3350000000000000e+00  -1.3022843500000001e+00   4.0837520875000000e-01   1.7386298570077718e+00   2.9482581144723873e+01
   2.3399999999999999e+00  -1.2941841025000000e+00   3.9531541500000000e-01   1.7127186332148818e+00   2.9332405906583080e+01
   2.3450000000000002e+00  -1.2853877499999999e+00   3.7756725125000001e-01   1.6219326371312000e+00   2.8365743230759477e+01
   2.3500000000000001e+00  -1.2761974275000001e+00   3.5971408124999998e-01   1.5923923617585647e+00   2.7795245163084861e+01
   2.3550000000000000e+00  -1.2685918249999999e+00   3.4859738250000000e-01   1.5265426840071505e+00   2.6522661703880214e+01
   2.3600000000000003e+00  -1.2606173750000000e+00   3.3203769374999997e-01   1.4914295958371728e+00   2.5913711442453348e+01
   2.3650000000000002e+00  -1.2542564875000000e+00   3.2493629875000002e-01   1.4541678177902757e+00   2.4972282560228820e+01
   2.3700000000000001e+00  -1.2464693874999999e+00   3.1186285375000000e-01   1.4071016949918451e+00   2.4002469096603274e+01
   2.3750000000000000e+00  -1.2406383224999999e+00   3.0583593250000002e-01   1.3953681375764806e+00   2.3669542411355245e+01
   2.3799999999999999e+00  -1.2332977050000000e+00   2.9111861875000000e-01   1.3516726690863574e+00   2.2763932689011529e+01
   2.3850000000000002e+00  -1.2270370675000000e+00   2.8180961750000000e-01   1.3086258014760446e+00   2.1690020710778153e+01
   2.3900000000000001e+00  -1.2198603400000001e+00   2.7280891125000001e-01   1.2738056007659051e+00   2.0821764182277580e+01
   2.3950000000000000e+00  -1.2145985450000001e+00   2.6962938749999998e-01   1.2479560486944365e+00   1.9870800559164824e+01
   2.3999999999999999e+00  -1.2068472250000000e+00   2.5053721249999999e-01   1.2001855270275681e+00   1.8812823151819899e+01
