2.25000000000000e+00  -1.03643218598835e+01   4.68850963543388e+00   2.13943766643618e+00   5.95425080530673e+01
2.25500000000000e+00  -1.03041567388057e+01   4.60804144767730e+00   2.17665692075536e+00   5.48092168822908e+01
2.26000000000000e+00  -1.02207989120459e+01   4.40267844936736e+00   2.27519873237694e+00   7.33269372600403e+01
2.26500000000000e+00  -1.01527960240551e+01   4.27234324295969e+00   2.28583012418684e+00   7.89733696956396e+01
2.27000000000000e+00  -1.00764886361924e+01   4.11701595334789e+00   2.34254447606261e+00   8.24738740986448e+01
2.27500000000000e+00  -9.96310900777732e+00   3.63470971553683e+00   2.55792915977353e+00   1.42369930383116e+02
2.28000000000000e+00  -9.87833648635965e+00   3.32480965450363e+00   2.50940836469046e+00   1.61094428647121e+02
2.28500000000000e+00  -9.81496001921636e+00   3.26864189692965e+00   2.44213123898638e+00   1.42166016615786e+02
2.29000000000000e+00  -9.70182652690108e+00   2.74933503652052e+00   2.34289998841416e+00   1.59380733971818e+02
2.29500000000000e+00  -9.63326489603523e+00   2.57802937039358e+00   2.24657499949868e+00   1.48406255570471e+02
2.30000000000000e+00  -9.55843448930278e+00   2.32884378084112e+00   2.09672848457819e+00   1.45734454760693e+02
2.30500000000000e+00  -9.49291993694522e+00   2.14783347270086e+00   2.02489282526229e+00   1.39286732752304e+02
2.31000000000000e+00  -9.41219932969237e+00   1.85200726943867e+00   1.79605629393533e+00   1.13933716926177e+02
2.31500000000000e+00  -9.35623282235713e+00   1.76169027614356e+00   1.75434287506752e+00   1.07332229441132e+02
2.32000000000000e+00  -9.29185940004281e+00   1.56957930847985e+00   1.67658286135506e+00   9.48036656449473e+01
2.32500000000000e+00  -9.23444495703848e+00   1.46467418481625e+00   1.60103111213667e+00   8.64424285445976e+01
2.33000000000000e+00  -9.18081832413834e+00   1.39460345090602e+00   1.54234648447426e+00   7.65397152547218e+01
2.33500000000000e+00  -9.12716539742247e+00   1.32405153648021e+00   1.48143354978905e+00   6.93563744010050e+01
2.34000000000000e+00  -9.07395939465526e+00   1.20078659783703e+00   1.43293253297216e+00   6.24634085715269e+01
2.34500000000000e+00  -9.02386372703641e+00   1.14769683506767e+00   1.39756303915877e+00   5.67551285126784e+01
2.35000000000000e+00  -8.97269125830509e+00   1.08176996282998e+00   1.35376348081408e+00   5.08997498994089e+01
2.35500000000000e+00  -8.92415653955253e+00   9.64416016650484e-01   1.32019795401991e+00   4.17414895246695e+01
