                     -inf
  -4.0000000000000000e+00
  -3.0000000000000000e+00
  -2.6666666666666665e+00
  -2.5000000000000000e+00
  -2.4000000000000004e+00
  -2.3333333333333330e+00
  -2.2857142857142856e+00
  -2.2500000000000000e+00
  -2.2222222222222223e+00
  -2.2000000000000002e+00
  -2.1818181818181817e+00
  -2.1666666666666665e+00
  -2.1538461538461542e+00
  -2.1428571428571428e+00
  -2.1333333333333333e+00
  -2.1250000000000000e+00
  -2.1176470588235294e+00
  -2.1111111111111112e+00
  -2.1052631578947367e+00
  -2.1000000000000001e+00
  -2.0952380952380949e+00
  -2.0909090909090908e+00
  -2.0869565217391304e+00
  -2.0833333333333330e+00
  -2.0800000000000001e+00
  -2.0769230769230771e+00
  -2.0740740740740740e+00
  -2.0714285714285712e+00
  -2.0689655172413794e+00
  -2.0666666666666664e+00
  -2.0645161290322580e+00
  -2.0625000000000000e+00
  -2.0606060606060606e+00
  -2.0588235294117645e+00
  -2.0571428571428569e+00
  -2.0555555555555554e+00
  -2.0540540540540544e+00
  -2.0526315789473681e+00
  -2.0512820512820511e+00
  -2.0500000000000003e+00
  -2.0487804878048781e+00
  -2.0476190476190474e+00
  -2.0465116279069768e+00
  -2.0454545454545454e+00
  -2.0444444444444447e+00
  -2.0434782608695650e+00
  -2.0425531914893615e+00
  -2.0416666666666665e+00
  -2.0408163265306123e+00
  -2.0400000000000000e+00
  -2.0392156862745097e+00
  -2.0384615384615388e+00
  -2.0377358490566038e+00
  -2.0370370370370368e+00
  -2.0363636363636362e+00
  -2.0357142857142856e+00
  -2.0350877192982457e+00
  -2.0344827586206895e+00
  -2.0338983050847457e+00
  -2.0333333333333332e+00
  -2.0327868852459017e+00
  -2.0322580645161290e+00
  -2.0317460317460316e+00
  -2.0312500000000000e+00
  -2.0307692307692307e+00
  -2.0303030303030303e+00
  -2.0298507462686568e+00
  -2.0294117647058822e+00
  -2.0289855072463769e+00
  -2.0285714285714285e+00
  -2.0281690140845070e+00
  -2.0277777777777777e+00
  -2.0273972602739727e+00
  -2.0270270270270272e+00
  -2.0266666666666668e+00
  -2.0263157894736841e+00
  -2.0259740259740262e+00
  -2.0256410256410255e+00
  -2.0253164556962027e+00
  -2.0249999999999999e+00
  -2.0246913580246915e+00
  -2.0243902439024390e+00
  -2.0240963855421690e+00
  -2.0238095238095237e+00
  -2.0235294117647058e+00
  -2.0232558139534884e+00
  -2.0229885057471266e+00
  -2.0227272727272729e+00
  -2.0224719101123596e+00
  -2.0222222222222221e+00
  -2.0219780219780223e+00
  -2.0217391304347827e+00
  -2.0215053763440860e+00
  -2.0212765957446810e+00
  -2.0210526315789474e+00
  -2.0208333333333330e+00
  -2.0206185567010309e+00
  -2.0204081632653059e+00
  -2.0202020202020203e+00
  -2.0200000000000000e+00
  -2.0198019801980198e+00
  -2.0196078431372548e+00
  -2.0194174757281553e+00
  -2.0192307692307692e+00
  -2.0190476190476194e+00
  -2.0188679245283017e+00
  -2.0186915887850465e+00
  -2.0185185185185186e+00
  -2.0183486238532113e+00
  -2.0181818181818181e+00
  -2.0180180180180178e+00
  -2.0178571428571428e+00
  -2.0176991150442478e+00
  -2.0175438596491229e+00
  -2.0173913043478260e+00
  -2.0172413793103448e+00
  -2.0170940170940175e+00
  -2.0169491525423728e+00
  -2.0168067226890756e+00
  -2.0166666666666666e+00
  -2.0165289256198347e+00
  -2.0163934426229511e+00
  -2.0162601626016263e+00
  -2.0161290322580645e+00
  -2.0160000000000000e+00
  -2.0158730158730158e+00
  -2.0157480314960630e+00
  -2.0156250000000000e+00
  -2.0155038759689923e+00
  -2.0153846153846153e+00
  -2.0152671755725189e+00
  -2.0151515151515151e+00
  -2.0150375939849621e+00
  -2.0149253731343282e+00
  -2.0148148148148151e+00
  -2.0147058823529411e+00
  -2.0145985401459852e+00
  -2.0144927536231885e+00
  -2.0143884892086330e+00
  -2.0142857142857142e+00
  -2.0141843971631204e+00
  -2.0140845070422535e+00
  -2.0139860139860142e+00
  -2.0138888888888888e+00
  -2.0137931034482759e+00
  -2.0136986301369864e+00
  -2.0136054421768708e+00
  -2.0135135135135136e+00
  -2.0134228187919461e+00
  -2.0133333333333336e+00
  -2.0132450331125828e+00
  -2.0131578947368420e+00
  -2.0130718954248366e+00
  -2.0129870129870131e+00
  -2.0129032258064514e+00
  -2.0128205128205128e+00
  -2.0127388535031847e+00
  -2.0126582278481013e+00
  -2.0125786163522013e+00
  -2.0125000000000002e+00
  -2.0124223602484470e+00
  -2.0123456790123457e+00
  -2.0122699386503067e+00
  -2.0121951219512195e+00
  -2.0121212121212122e+00
  -2.0120481927710845e+00
  -2.0119760479041919e+00
  -2.0119047619047619e+00
  -2.0118343195266273e+00
  -2.0117647058823529e+00
  -2.0116959064327484e+00
  -2.0116279069767442e+00
  -2.0115606936416186e+00
  -2.0114942528735633e+00
  -2.0114285714285716e+00
  -2.0113636363636362e+00
  -2.0112994350282487e+00
  -2.0112359550561796e+00
  -2.0111731843575420e+00
  -2.0111111111111111e+00
  -2.0110497237569058e+00
  -2.0109890109890109e+00
  -2.0109289617486339e+00
  -2.0108695652173911e+00
  -2.0108108108108107e+00
  -2.0107526881720430e+00
  -2.0106951871657754e+00
  -2.0106382978723403e+00
  -2.0105820105820102e+00
  -2.0105263157894737e+00
  -2.0104712041884820e+00
  -2.0104166666666665e+00
  -2.0103626943005182e+00
  -2.0103092783505154e+00
  -2.0102564102564102e+00
  -2.0102040816326530e+00
  -2.0101522842639592e+00
  -2.0101010101010104e+00
  -2.0100502512562812e+00
  -2.0100000000000002e+00
  -2.0099502487562191e+00
  -2.0099009900990099e+00
  -2.0098522167487687e+00
  -2.0098039215686274e+00
  -2.0097560975609756e+00
  -2.0097087378640777e+00
  -2.0096618357487923e+00
  -2.0096153846153846e+00
  -2.0095693779904304e+00
  -2.0095238095238095e+00
  -2.0094786729857823e+00
  -2.0094339622641511e+00
  -2.0093896713615025e+00
  -2.0093457943925230e+00
  -2.0093023255813955e+00
  -2.0092592592592591e+00
  -2.0092165898617513e+00
  -2.0091743119266057e+00
  -2.0091324200913241e+00
  -2.0090909090909088e+00
  -2.0090497737556561e+00
  -2.0090090090090089e+00
  -2.0089686098654709e+00
  -2.0089285714285712e+00
  -2.0088888888888889e+00
  -2.0088495575221237e+00
  -2.0088105726872247e+00
  -2.0087719298245612e+00
  -2.0087336244541483e+00
  -2.0086956521739130e+00
  -2.0086580086580086e+00
  -2.0086206896551726e+00
  -2.0085836909871246e+00
  -2.0085470085470090e+00
  -2.0085106382978726e+00
  -2.0084745762711864e+00
  -2.0084388185654007e+00
  -2.0084033613445378e+00
  -2.0083682008368200e+00
  -2.0083333333333333e+00
  -2.0082987551867220e+00
  -2.0082644628099175e+00
  -2.0082304526748973e+00
  -2.0081967213114753e+00
  -2.0081632653061225e+00
  -2.0081300813008132e+00
  -2.0080971659919027e+00
  -2.0080645161290320e+00
  -2.0080321285140559e+00
  -2.0080000000000000e+00
  -2.0079681274900398e+00
  -2.0079365079365079e+00
  -2.0079051383399209e+00
  -2.0078740157480315e+00
  -2.0078431372549019e+00
  -2.0078125000000000e+00
  -2.0077821011673151e+00
  -2.0077519379844961e+00
  -2.0077220077220077e+00
  -2.0076923076923077e+00
  -2.0076628352490422e+00
  -2.0076335877862594e+00
  -2.0076045627376424e+00
  -2.0075757575757578e+00
  -2.0075471698113208e+00
  -2.0075187969924810e+00
  -2.0074906367041199e+00
  -2.0074626865671643e+00
  -2.0074349442379180e+00
  -2.0074074074074075e+00
  -2.0073800738007379e+00
  -2.0073529411764706e+00
  -2.0073260073260073e+00
  -2.0072992700729926e+00
  -2.0072727272727273e+00
  -2.0072463768115942e+00
  -2.0072202166064983e+00
  -2.0071942446043165e+00
  -2.0071684587813619e+00
  -2.0071428571428571e+00
  -2.0071174377224197e+00
  -2.0070921985815602e+00
  -2.0070671378091873e+00
  -2.0070422535211270e+00
  -2.0070175438596491e+00
  -2.0069930069930071e+00
  -2.0069686411149825e+00
  -2.0069444444444442e+00
  -2.0069204152249136e+00
  -2.0068965517241377e+00
  -2.0068728522336770e+00
  -2.0068493150684930e+00
  -2.0068259385665530e+00
  -2.0068027210884352e+00
  -2.0067796610169490e+00
  -2.0067567567567570e+00
  -2.0067340067340065e+00
  -2.0067114093959733e+00
  -2.0066889632107023e+00
  -2.0066666666666668e+00
  -2.0066445182724255e+00
  -2.0066225165562912e+00
  -2.0066006600660065e+00
  -2.0065789473684208e+00
  -2.0065573770491802e+00
  -2.0065359477124183e+00
  -2.0065146579804560e+00
  -2.0064935064935066e+00
  -2.0064724919093853e+00
  -2.0064516129032257e+00
  -2.0064308681672025e+00
  -2.0064102564102564e+00
  -2.0063897763578273e+00
  -2.0063694267515926e+00
  -2.0063492063492063e+00
  -2.0063291139240507e+00
  -2.0063091482649842e+00
  -2.0062893081761008e+00
  -2.0062695924764888e+00
  -2.0062500000000001e+00
  -2.0062305295950154e+00
  -2.0062111801242235e+00
  -2.0061919504643964e+00
  -2.0061728395061729e+00
  -2.0061538461538460e+00
  -2.0061349693251533e+00
  -2.0061162079510702e+00
  -2.0060975609756100e+00
  -2.0060790273556233e+00
  -2.0060606060606059e+00
  -2.0060422960725077e+00
  -2.0060240963855422e+00
  -2.0060060060060061e+00
  -2.0059880239520957e+00
  -2.0059701492537312e+00
  -2.0059523809523809e+00
  -2.0059347181008902e+00
  -2.0059171597633134e+00
  -2.0058997050147491e+00
  -2.0058823529411764e+00
  -2.0058651026392962e+00
  -2.0058479532163740e+00
  -2.0058309037900872e+00
  -2.0058139534883721e+00
  -2.0057971014492755e+00
  -2.0057803468208091e+00
  -2.0057636887608066e+00
  -2.0057471264367814e+00
  -2.0057306590257880e+00
  -2.0057142857142858e+00
  -2.0056980056980058e+00
  -2.0056818181818183e+00
  -2.0056657223796033e+00
  -2.0056497175141241e+00
  -2.0056338028169014e+00
  -2.0056179775280900e+00
  -2.0056022408963585e+00
  -2.0055865921787710e+00
  -2.0055710306406684e+00
  -2.0055555555555555e+00
  -2.0055401662049861e+00
  -2.0055248618784529e+00
  -2.0055096418732781e+00
  -2.0054945054945055e+00
  -2.0054794520547947e+00
  -2.0054644808743167e+00
  -2.0054495912806538e+00
  -2.0054347826086958e+00
  -2.0054200542005418e+00
  -2.0054054054054054e+00
  -2.0053908355795151e+00
  -2.0053763440860215e+00
  -2.0053619302949062e+00
  -2.0053475935828877e+00
  -2.0053333333333332e+00
  -2.0053191489361701e+00
  -2.0053050397877983e+00
  -2.0052910052910051e+00
  -2.0052770448548811e+00
  -2.0052631578947366e+00
  -2.0052493438320211e+00
  -2.0052356020942410e+00
  -2.0052219321148828e+00
  -2.0052083333333330e+00
  -2.0051948051948050e+00
  -2.0051813471502591e+00
  -2.0051679586563309e+00
  -2.0051546391752577e+00
  -2.0051413881748070e+00
  -2.0051282051282051e+00
  -2.0051150895140668e+00
  -2.0051020408163263e+00
  -2.0050890585241730e+00
  -2.0050761421319794e+00
  -2.0050632911392405e+00
  -2.0050505050505052e+00
  -2.0050377833753150e+00
  -2.0050251256281406e+00
  -2.0050125313283207e+00
  -2.0049999999999999e+00
  -2.0049875311720697e+00
  -2.0049751243781095e+00
  -2.0049627791563274e+00
  -2.0049504950495050e+00
  -2.0049382716049382e+00
  -2.0049261083743843e+00
  -2.0049140049140051e+00
  -2.0049019607843137e+00
  -2.0048899755501224e+00
  -2.0048780487804878e+00
  -2.0048661800486620e+00
  -2.0048543689320386e+00
  -2.0048426150121066e+00
  -2.0048309178743962e+00
  -2.0048192771084339e+00
  -2.0048076923076925e+00
  -2.0047961630695443e+00
  -2.0047846889952154e+00
  -2.0047732696897373e+00
  -2.0047619047619047e+00
  -2.0047505938242280e+00
  -2.0047393364928912e+00
  -2.0047281323877066e+00
  -2.0047169811320753e+00
  -2.0047058823529409e+00
  -2.0046948356807510e+00
  -2.0046838407494145e+00
  -2.0046728971962615e+00
  -2.0046620046620047e+00
  -2.0046511627906978e+00
  -2.0046403712296983e+00
  -2.0046296296296293e+00
  -2.0046189376443420e+00
  -2.0046082949308754e+00
  -2.0045977011494251e+00
  -2.0045871559633031e+00
  -2.0045766590389018e+00
  -2.0045662100456618e+00
  -2.0045558086560362e+00
  -2.0045454545454544e+00
  -2.0045351473922901e+00
  -2.0045248868778280e+00
  -2.0045146726862302e+00
  -2.0045045045045047e+00
  -2.0044943820224721e+00
  -2.0044843049327352e+00
  -2.0044742729306488e+00
  -2.0044642857142856e+00
  -2.0044543429844097e+00
  -2.0044444444444443e+00
  -2.0044345898004434e+00
  -2.0044247787610621e+00
  -2.0044150110375276e+00
  -2.0044052863436126e+00
  -2.0043956043956044e+00
  -2.0043859649122804e+00
  -2.0043763676148796e+00
  -2.0043668122270741e+00
  -2.0043572984749458e+00
  -2.0043478260869567e+00
  -2.0043383947939262e+00
  -2.0043290043290045e+00
  -2.0043196544276460e+00
  -2.0043103448275863e+00
  -2.0043010752688173e+00
  -2.0042918454935621e+00
  -2.0042826552462527e+00
  -2.0042735042735043e+00
  -2.0042643923240937e+00
  -2.0042553191489363e+00
  -2.0042462845010616e+00
  -2.0042372881355934e+00
  -2.0042283298097252e+00
  -2.0042194092827001e+00
  -2.0042105263157892e+00
  -2.0042016806722689e+00
  -2.0041928721174007e+00
  -2.0041841004184100e+00
  -2.0041753653444676e+00
  -2.0041666666666664e+00
  -2.0041580041580040e+00
  -2.0041493775933610e+00
  -2.0041407867494825e+00
  -2.0041322314049586e+00
  -2.0041237113402062e+00
  -2.0041152263374489e+00
  -2.0041067761806981e+00
  -2.0040983606557377e+00
  -2.0040899795501024e+00
  -2.0040816326530613e+00
  -2.0040733197556007e+00
  -2.0040650406504068e+00
  -2.0040567951318460e+00
  -2.0040485829959516e+00
  -2.0040404040404041e+00
  -2.0040322580645160e+00
  -2.0040241448692155e+00
  -2.0040160642570277e+00
  -2.0040080160320639e+00
  -2.0040000000000000e+00
  -2.0039920159680635e+00
  -2.0039840637450199e+00
  -2.0039761431411529e+00
  -2.0039682539682540e+00
  -2.0039603960396040e+00
  -2.0039525691699605e+00
  -2.0039447731755424e+00
  -2.0039370078740157e+00
  -2.0039292730844793e+00
  -2.0039215686274510e+00
  -2.0039138943248531e+00
  -2.0039062500000000e+00
  -2.0038986354775830e+00
  -2.0038910505836576e+00
  -2.0038834951456308e+00
  -2.0038759689922481e+00
  -2.0038684719535782e+00
  -2.0038610038610041e+00
  -2.0038535645472062e+00
  -2.0038461538461538e+00
  -2.0038387715930903e+00
  -2.0038314176245211e+00
  -2.0038240917782026e+00
  -2.0038167938931295e+00
  -2.0038095238095237e+00
  -2.0038022813688214e+00
  -2.0037950664136623e+00
  -2.0037878787878789e+00
  -2.0037807183364840e+00
  -2.0037735849056606e+00
  -2.0037664783427496e+00
  -2.0037593984962405e+00
  -2.0037523452157600e+00
  -2.0037453183520602e+00
  -2.0037383177570094e+00
  -2.0037313432835822e+00
  -2.0037243947858472e+00
  -2.0037174721189590e+00
  -2.0037105751391464e+00
  -2.0037037037037040e+00
  -2.0036968576709797e+00
  -2.0036900369003687e+00
  -2.0036832412523022e+00
  -2.0036764705882351e+00
  -2.0036697247706421e+00
  -2.0036630036630036e+00
  -2.0036563071297988e+00
  -2.0036496350364961e+00
  -2.0036429872495445e+00
  -2.0036363636363634e+00
  -2.0036297640653356e+00
  -2.0036231884057973e+00
  -2.0036166365280290e+00
  -2.0036101083032491e+00
  -2.0036036036036036e+00
  -2.0035971223021583e+00
  -2.0035906642728905e+00
  -2.0035842293906811e+00
  -2.0035778175313057e+00
  -2.0035714285714286e+00
  -2.0035650623885917e+00
  -2.0035587188612101e+00
  -2.0035523978685612e+00
  -2.0035460992907801e+00
  -2.0035398230088495e+00
  -2.0035335689045937e+00
  -2.0035273368606701e+00
  -2.0035211267605635e+00
  -2.0035149384885762e+00
  -2.0035087719298246e+00
  -2.0035026269702279e+00
  -2.0034965034965033e+00
  -2.0034904013961605e+00
  -2.0034843205574915e+00
  -2.0034782608695654e+00
  -2.0034722222222223e+00
  -2.0034662045060658e+00
  -2.0034602076124570e+00
  -2.0034542314335058e+00
  -2.0034482758620689e+00
  -2.0034423407917386e+00
  -2.0034364261168385e+00
  -2.0034305317324184e+00
  -2.0034246575342465e+00
  -2.0034188034188034e+00
  -2.0034129692832763e+00
  -2.0034071550255539e+00
  -2.0034013605442178e+00
  -2.0033955857385397e+00
  -2.0033898305084743e+00
  -2.0033840947546531e+00
  -2.0033783783783785e+00
  -2.0033726812816188e+00
  -2.0033670033670035e+00
  -2.0033613445378151e+00
  -2.0033557046979866e+00
  -2.0033500837520939e+00
  -2.0033444816053509e+00
  -2.0033388981636060e+00
  -2.0033333333333334e+00
  -2.0033277870216306e+00
  -2.0033222591362128e+00
  -2.0033167495854065e+00
  -2.0033112582781456e+00
  -2.0033057851239668e+00
  -2.0033003300330035e+00
  -2.0032948929159802e+00
  -2.0032894736842106e+00
  -2.0032840722495893e+00
  -2.0032786885245901e+00
  -2.0032733224222588e+00
  -2.0032679738562091e+00
  -2.0032626427406202e+00
  -2.0032573289902280e+00
  -2.0032520325203254e+00
  -2.0032467532467533e+00
  -2.0032414910858996e+00
  -2.0032362459546929e+00
  -2.0032310177705979e+00
  -2.0032258064516131e+00
  -2.0032206119162641e+00
  -2.0032154340836015e+00
  -2.0032102728731944e+00
  -2.0032051282051282e+00
  -2.0032000000000001e+00
  -2.0031948881789137e+00
  -2.0031897926634770e+00
  -2.0031847133757963e+00
  -2.0031796502384740e+00
  -2.0031746031746032e+00
  -2.0031695721077654e+00
  -2.0031645569620253e+00
  -2.0031595576619274e+00
  -2.0031545741324921e+00
  -2.0031496062992127e+00
  -2.0031446540880502e+00
  -2.0031397174254320e+00
  -2.0031347962382444e+00
  -2.0031298904538342e+00
  -2.0031250000000003e+00
  -2.0031201248049921e+00
  -2.0031152647975077e+00
  -2.0031104199066876e+00
  -2.0031055900621118e+00
  -2.0031007751937984e+00
  -2.0030959752321982e+00
  -2.0030911901081918e+00
  -2.0030864197530862e+00
  -2.0030816640986133e+00
  -2.0030769230769230e+00
  -2.0030721966205838e+00
  -2.0030674846625769e+00
  -2.0030627871362943e+00
  -2.0030581039755351e+00
  -2.0030534351145040e+00
  -2.0030487804878048e+00
  -2.0030441400304415e+00
  -2.0030395136778116e+00
  -2.0030349013657056e+00
  -2.0030303030303029e+00
  -2.0030257186081695e+00
  -2.0030211480362539e+00
  -2.0030165912518854e+00
  -2.0030120481927711e+00
  -2.0030075187969927e+00
  -2.0030030030030028e+00
  -2.0029985007496252e+00
  -2.0029940119760479e+00
  -2.0029895366218238e+00
  -2.0029850746268658e+00
  -2.0029806259314458e+00
  -2.0029761904761902e+00
  -2.0029717682020802e+00
  -2.0029673590504453e+00
  -2.0029629629629628e+00
  -2.0029585798816569e+00
  -2.0029542097488924e+00
  -2.0029498525073746e+00
  -2.0029455081001473e+00
  -2.0029411764705882e+00
  -2.0029368575624082e+00
  -2.0029325513196481e+00
  -2.0029282576866763e+00
  -2.0029239766081872e+00
  -2.0029197080291969e+00
  -2.0029154518950438e+00
  -2.0029112081513829e+00
  -2.0029069767441858e+00
  -2.0029027576197387e+00
  -2.0028985507246375e+00
  -2.0028943560057884e+00
  -2.0028901734104045e+00
  -2.0028860028860027e+00
  -2.0028818443804033e+00
  -2.0028776978417269e+00
  -2.0028735632183907e+00
  -2.0028694404591105e+00
  -2.0028653295128938e+00
  -2.0028612303290414e+00
  -2.0028571428571427e+00
  -2.0028530670470759e+00
  -2.0028490028490031e+00
  -2.0028449502133712e+00
  -2.0028409090909092e+00
  -2.0028368794326243e+00
  -2.0028328611898019e+00
  -2.0028288543140027e+00
  -2.0028248587570623e+00
  -2.0028208744710860e+00
  -2.0028169014084507e+00
  -2.0028129395218004e+00
  -2.0028089887640448e+00
  -2.0028050490883591e+00
  -2.0028011204481793e+00
  -2.0027972027972027e+00
  -2.0027932960893855e+00
  -2.0027894002789401e+00
  -2.0027855153203342e+00
  -2.0027816411682893e+00
  -2.0027777777777778e+00
  -2.0027739251040222e+00
  -2.0027700831024933e+00
  -2.0027662517289073e+00
  -2.0027624309392262e+00
  -2.0027586206896548e+00
  -2.0027548209366390e+00
  -2.0027510316368637e+00
  -2.0027472527472527e+00
  -2.0027434842249656e+00
  -2.0027397260273974e+00
  -2.0027359781121752e+00
  -2.0027322404371586e+00
  -2.0027285129604366e+00
  -2.0027247956403267e+00
  -2.0027210884353739e+00
  -2.0027173913043477e+00
  -2.0027137042062413e+00
  -2.0027100271002709e+00
  -2.0027063599458730e+00
  -2.0027027027027029e+00
  -2.0026990553306341e+00
  -2.0026954177897576e+00
  -2.0026917900403767e+00
  -2.0026881720430110e+00
  -2.0026845637583892e+00
  -2.0026809651474533e+00
  -2.0026773761713521e+00
  -2.0026737967914436e+00
  -2.0026702269692924e+00
  -2.0026666666666668e+00
  -2.0026631158455395e+00
  -2.0026595744680851e+00
  -2.0026560424966799e+00
  -2.0026525198938989e+00
  -2.0026490066225167e+00
  -2.0026455026455023e+00
  -2.0026420079260236e+00
  -2.0026385224274406e+00
  -2.0026350461133071e+00
  -2.0026315789473683e+00
  -2.0026281208935610e+00
  -2.0026246719160103e+00
  -2.0026212319790302e+00
  -2.0026178010471205e+00
  -2.0026143790849673e+00
  -2.0026109660574414e+00
  -2.0026075619295955e+00
  -2.0026041666666665e+00
  -2.0026007802340704e+00
  -2.0025974025974027e+00
  -2.0025940337224384e+00
  -2.0025906735751295e+00
  -2.0025873221216042e+00
  -2.0025839793281657e+00
  -2.0025806451612902e+00
  -2.0025773195876289e+00
  -2.0025740025740024e+00
  -2.0025706940874035e+00
  -2.0025673940949935e+00
  -2.0025641025641026e+00
  -2.0025608194622277e+00
  -2.0025575447570336e+00
  -2.0025542784163477e+00
  -2.0025510204081631e+00
  -2.0025477707006369e+00
  -2.0025445292620865e+00
  -2.0025412960609912e+00
  -2.0025380710659899e+00
  -2.0025348542458810e+00
  -2.0025316455696203e+00
  -2.0025284450063214e+00
  -2.0025252525252526e+00
  -2.0025220680958387e+00
  -2.0025188916876573e+00
  -2.0025157232704403e+00
  -2.0025125628140703e+00
  -2.0025094102885821e+00
  -2.0025062656641603e+00
  -2.0025031289111390e+00
  -2.0024999999999999e+00
  -2.0024968789013733e+00
  -2.0024937655860349e+00
  -2.0024906600249066e+00
  -2.0024875621890548e+00
  -2.0024844720496895e+00
  -2.0024813895781639e+00
  -2.0024783147459728e+00
  -2.0024752475247527e+00
  -2.0024721878862790e+00
  -2.0024691358024689e+00
  -2.0024660912453762e+00
  -2.0024630541871922e+00
  -2.0024600246002460e+00
  -2.0024570024570023e+00
  -2.0024539877300613e+00
  -2.0024509803921569e+00
  -2.0024479804161563e+00
  -2.0024449877750610e+00
  -2.0024420024420024e+00
  -2.0024390243902439e+00
  -2.0024360535931791e+00
  -2.0024330900243310e+00
  -2.0024301336573509e+00
  -2.0024271844660193e+00
  -2.0024242424242424e+00
  -2.0024213075060535e+00
  -2.0024183796856105e+00
  -2.0024154589371981e+00
  -2.0024125452352228e+00
  -2.0024096385542172e+00
  -2.0024067388688329e+00
  -2.0024038461538463e+00
  -2.0024009603841537e+00
  -2.0023980815347722e+00
  -2.0023952095808384e+00
  -2.0023923444976077e+00
  -2.0023894862604541e+00
  -2.0023866348448687e+00
  -2.0023837902264598e+00
  -2.0023809523809524e+00
  -2.0023781212841851e+00
  -2.0023752969121142e+00
  -2.0023724792408069e+00
  -2.0023696682464456e+00
  -2.0023668639053254e+00
  -2.0023640661938535e+00
  -2.0023612750885476e+00
  -2.0023584905660377e+00
  -2.0023557126030624e+00
  -2.0023529411764702e+00
  -2.0023501762632199e+00
  -2.0023474178403755e+00
  -2.0023446658851114e+00
  -2.0023419203747070e+00
  -2.0023391812865499e+00
  -2.0023364485981308e+00
  -2.0023337222870476e+00
  -2.0023310023310024e+00
  -2.0023282887077998e+00
  -2.0023255813953487e+00
  -2.0023228803716608e+00
  -2.0023201856148489e+00
  -2.0023174971031286e+00
  -2.0023148148148149e+00
  -2.0023121387283238e+00
  -2.0023094688221708e+00
  -2.0023068050749711e+00
  -2.0023041474654377e+00
  -2.0023014959723819e+00
  -2.0022988505747126e+00
  -2.0022962112514353e+00
  -2.0022935779816513e+00
  -2.0022909507445590e+00
  -2.0022883295194509e+00
  -2.0022857142857142e+00
  -2.0022831050228311e+00
  -2.0022805017103762e+00
  -2.0022779043280181e+00
  -2.0022753128555175e+00
  -2.0022727272727270e+00
  -2.0022701475595914e+00
  -2.0022675736961451e+00
  -2.0022650056625144e+00
  -2.0022624434389140e+00
  -2.0022598870056498e+00
  -2.0022573363431149e+00
  -2.0022547914317923e+00
  -2.0022522522522523e+00
  -2.0022497187851522e+00
  -2.0022471910112363e+00
  -2.0022446689113358e+00
  -2.0022421524663678e+00
  -2.0022396416573347e+00
  -2.0022371364653244e+00
  -2.0022346368715080e+00
  -2.0022321428571428e+00
  -2.0022296544035676e+00
  -2.0022271714922049e+00
  -2.0022246941045605e+00
  -2.0022222222222221e+00
  -2.0022197558268591e+00
  -2.0022172949002219e+00
  -2.0022148394241417e+00
  -2.0022123893805310e+00
  -2.0022099447513813e+00
  -2.0022075055187636e+00
  -2.0022050716648292e+00
  -2.0022026431718065e+00
  -2.0022002200220022e+00
  -2.0021978021978022e+00
  -2.0021953896816687e+00
  -2.0021929824561404e+00
  -2.0021905805038336e+00
  -2.0021881838074398e+00
  -2.0021857923497266e+00
  -2.0021834061135371e+00
  -2.0021810250817884e+00
  -2.0021786492374729e+00
  -2.0021762785636561e+00
  -2.0021739130434781e+00
  -2.0021715526601520e+00
  -2.0021691973969631e+00
  -2.0021668472372696e+00
  -2.0021645021645020e+00
  -2.0021621621621621e+00
  -2.0021598272138230e+00
  -2.0021574973031280e+00
  -2.0021551724137931e+00
  -2.0021528525296017e+00
  -2.0021505376344084e+00
  -2.0021482277121376e+00
  -2.0021459227467813e+00
  -2.0021436227224010e+00
  -2.0021413276231264e+00
  -2.0021390374331549e+00
  -2.0021367521367521e+00
  -2.0021344717182497e+00
  -2.0021321961620471e+00
  -2.0021299254526093e+00
  -2.0021276595744681e+00
  -2.0021253985122209e+00
  -2.0021231422505306e+00
  -2.0021208907741253e+00
  -2.0021186440677967e+00
  -2.0021164021164024e+00
  -2.0021141649048628e+00
  -2.0021119324181624e+00
  -2.0021097046413501e+00
  -2.0021074815595363e+00
  -2.0021052631578948e+00
  -2.0021030494216614e+00
  -2.0021008403361344e+00
  -2.0020986358866737e+00
  -2.0020964360587001e+00
  -2.0020942408376965e+00
  -2.0020920502092050e+00
  -2.0020898641588301e+00
  -2.0020876826722338e+00
  -2.0020855057351410e+00
  -2.0020833333333332e+00
  -2.0020811654526538e+00
  -2.0020790020790020e+00
  -2.0020768431983385e+00
  -2.0020746887966805e+00
  -2.0020725388601037e+00
  -2.0020703933747415e+00
  -2.0020682523267839e+00
  -2.0020661157024793e+00
  -2.0020639834881320e+00
  -2.0020618556701031e+00
  -2.0020597322348093e+00
  -2.0020576131687244e+00
  -2.0020554984583763e+00
  -2.0020533880903493e+00
  -2.0020512820512821e+00
  -2.0020491803278690e+00
  -2.0020470829068580e+00
  -2.0020449897750514e+00
  -2.0020429009193053e+00
  -2.0020408163265309e+00
  -2.0020387359836902e+00
  -2.0020366598778003e+00
  -2.0020345879959307e+00
  -2.0020325203252036e+00
  -2.0020304568527920e+00
  -2.0020283975659230e+00
  -2.0020263424518747e+00
  -2.0020242914979756e+00
  -2.0020222446916076e+00
  -2.0020202020202018e+00
  -2.0020181634712411e+00
  -2.0020161290322580e+00
  -2.0020140986908359e+00
  -2.0020120724346078e+00
  -2.0020100502512563e+00
  -2.0020080321285141e+00
  -2.0020060180541623e+00
  -2.0020040080160317e+00
  -2.0020020020020022e+00
