                      inf
   2.0000000000000000e+00
   1.5000000000000000e+00
   1.3333333333333333e+00
   1.2500000000000000e+00
   1.2000000000000002e+00
   1.1666666666666665e+00
   1.1428571428571428e+00
   1.1250000000000000e+00
   1.1111111111111112e+00
   1.1000000000000001e+00
   1.0909090909090908e+00
   1.0833333333333333e+00
   1.0769230769230771e+00
   1.0714285714285714e+00
   1.0666666666666667e+00
   1.0625000000000000e+00
   1.0588235294117647e+00
   1.0555555555555556e+00
   1.0526315789473684e+00
   1.0500000000000000e+00
   1.0476190476190474e+00
   1.0454545454545454e+00
   1.0434782608695652e+00
   1.0416666666666665e+00
   1.0400000000000000e+00
   1.0384615384615385e+00
   1.0370370370370370e+00
   1.0357142857142856e+00
   1.0344827586206897e+00
   1.0333333333333332e+00
   1.0322580645161290e+00
   1.0312500000000000e+00
   1.0303030303030303e+00
   1.0294117647058822e+00
   1.0285714285714285e+00
   1.0277777777777777e+00
   1.0270270270270272e+00
   1.0263157894736841e+00
   1.0256410256410255e+00
   1.0250000000000001e+00
   1.0243902439024390e+00
   1.0238095238095237e+00
   1.0232558139534884e+00
   1.0227272727272727e+00
   1.0222222222222224e+00
   1.0217391304347825e+00
   1.0212765957446808e+00
   1.0208333333333333e+00
   1.0204081632653061e+00
   1.0200000000000000e+00
   1.0196078431372548e+00
   1.0192307692307694e+00
   1.0188679245283019e+00
   1.0185185185185184e+00
   1.0181818181818181e+00
   1.0178571428571428e+00
   1.0175438596491229e+00
   1.0172413793103448e+00
   1.0169491525423728e+00
   1.0166666666666666e+00
   1.0163934426229508e+00
   1.0161290322580645e+00
   1.0158730158730158e+00
   1.0156250000000000e+00
   1.0153846153846153e+00
   1.0151515151515151e+00
   1.0149253731343284e+00
   1.0147058823529411e+00
   1.0144927536231885e+00
   1.0142857142857142e+00
   1.0140845070422535e+00
   1.0138888888888888e+00
   1.0136986301369864e+00
   1.0135135135135136e+00
   1.0133333333333334e+00
   1.0131578947368420e+00
   1.0129870129870131e+00
   1.0128205128205128e+00
   1.0126582278481013e+00
   1.0125000000000000e+00
   1.0123456790123457e+00
   1.0121951219512195e+00
   1.0120481927710845e+00
   1.0119047619047619e+00
   1.0117647058823529e+00
   1.0116279069767442e+00
   1.0114942528735633e+00
   1.0113636363636365e+00
   1.0112359550561798e+00
   1.0111111111111111e+00
   1.0109890109890112e+00
   1.0108695652173914e+00
   1.0107526881720430e+00
   1.0106382978723405e+00
   1.0105263157894737e+00
   1.0104166666666665e+00
   1.0103092783505154e+00
   1.0102040816326530e+00
   1.0101010101010102e+00
   1.0100000000000000e+00
   1.0099009900990099e+00
   1.0098039215686274e+00
   1.0097087378640777e+00
   1.0096153846153846e+00
   1.0095238095238097e+00
   1.0094339622641508e+00
   1.0093457943925233e+00
   1.0092592592592593e+00
   1.0091743119266057e+00
   1.0090909090909090e+00
   1.0090090090090089e+00
   1.0089285714285714e+00
   1.0088495575221239e+00
   1.0087719298245614e+00
   1.0086956521739130e+00
   1.0086206896551724e+00
   1.0085470085470087e+00
   1.0084745762711864e+00
   1.0084033613445378e+00
   1.0083333333333333e+00
   1.0082644628099173e+00
   1.0081967213114755e+00
   1.0081300813008132e+00
   1.0080645161290323e+00
   1.0080000000000000e+00
   1.0079365079365079e+00
   1.0078740157480315e+00
   1.0078125000000000e+00
   1.0077519379844961e+00
   1.0076923076923077e+00
   1.0076335877862594e+00
   1.0075757575757576e+00
   1.0075187969924810e+00
   1.0074626865671641e+00
   1.0074074074074075e+00
   1.0073529411764706e+00
   1.0072992700729926e+00
   1.0072463768115942e+00
   1.0071942446043165e+00
   1.0071428571428571e+00
   1.0070921985815602e+00
   1.0070422535211268e+00
   1.0069930069930071e+00
   1.0069444444444444e+00
   1.0068965517241379e+00
   1.0068493150684932e+00
   1.0068027210884354e+00
   1.0067567567567568e+00
   1.0067114093959730e+00
   1.0066666666666668e+00
   1.0066225165562914e+00
   1.0065789473684210e+00
   1.0065359477124183e+00
   1.0064935064935066e+00
   1.0064516129032257e+00
   1.0064102564102564e+00
   1.0063694267515924e+00
   1.0063291139240507e+00
   1.0062893081761006e+00
   1.0062500000000001e+00
   1.0062111801242235e+00
   1.0061728395061729e+00
   1.0061349693251533e+00
   1.0060975609756098e+00
   1.0060606060606061e+00
   1.0060240963855422e+00
   1.0059880239520960e+00
   1.0059523809523809e+00
   1.0059171597633136e+00
   1.0058823529411764e+00
   1.0058479532163742e+00
   1.0058139534883721e+00
   1.0057803468208093e+00
   1.0057471264367817e+00
   1.0057142857142858e+00
   1.0056818181818181e+00
   1.0056497175141244e+00
   1.0056179775280898e+00
   1.0055865921787710e+00
   1.0055555555555555e+00
   1.0055248618784529e+00
   1.0054945054945055e+00
   1.0054644808743169e+00
   1.0054347826086956e+00
   1.0054054054054054e+00
   1.0053763440860215e+00
   1.0053475935828877e+00
   1.0053191489361701e+00
   1.0052910052910051e+00
   1.0052631578947369e+00
   1.0052356020942410e+00
   1.0052083333333333e+00
   1.0051813471502591e+00
   1.0051546391752577e+00
   1.0051282051282051e+00
   1.0051020408163265e+00
   1.0050761421319796e+00
   1.0050505050505052e+00
   1.0050251256281406e+00
   1.0050000000000001e+00
   1.0049751243781095e+00
   1.0049504950495050e+00
   1.0049261083743843e+00
   1.0049019607843137e+00
   1.0048780487804878e+00
   1.0048543689320388e+00
   1.0048309178743962e+00
   1.0048076923076923e+00
   1.0047846889952152e+00
   1.0047619047619047e+00
   1.0047393364928912e+00
   1.0047169811320755e+00
   1.0046948356807512e+00
   1.0046728971962615e+00
   1.0046511627906978e+00
   1.0046296296296295e+00
   1.0046082949308757e+00
   1.0045871559633028e+00
   1.0045662100456620e+00
   1.0045454545454544e+00
   1.0045248868778280e+00
   1.0045045045045045e+00
   1.0044843049327354e+00
   1.0044642857142856e+00
   1.0044444444444445e+00
   1.0044247787610618e+00
   1.0044052863436124e+00
   1.0043859649122806e+00
   1.0043668122270741e+00
   1.0043478260869565e+00
   1.0043290043290043e+00
   1.0043103448275863e+00
   1.0042918454935623e+00
   1.0042735042735045e+00
   1.0042553191489363e+00
   1.0042372881355932e+00
   1.0042194092827004e+00
   1.0042016806722689e+00
   1.0041841004184100e+00
   1.0041666666666667e+00
   1.0041493775933610e+00
   1.0041322314049588e+00
   1.0041152263374487e+00
   1.0040983606557377e+00
   1.0040816326530613e+00
   1.0040650406504066e+00
   1.0040485829959513e+00
   1.0040322580645160e+00
   1.0040160642570279e+00
   1.0040000000000000e+00
   1.0039840637450199e+00
   1.0039682539682540e+00
   1.0039525691699605e+00
   1.0039370078740157e+00
   1.0039215686274510e+00
   1.0039062500000000e+00
   1.0038910505836576e+00
   1.0038759689922481e+00
   1.0038610038610039e+00
   1.0038461538461538e+00
   1.0038314176245211e+00
   1.0038167938931297e+00
   1.0038022813688212e+00
   1.0037878787878789e+00
   1.0037735849056604e+00
   1.0037593984962405e+00
   1.0037453183520599e+00
   1.0037313432835822e+00
   1.0037174721189590e+00
   1.0037037037037038e+00
   1.0036900369003690e+00
   1.0036764705882353e+00
   1.0036630036630036e+00
   1.0036496350364963e+00
   1.0036363636363637e+00
   1.0036231884057971e+00
   1.0036101083032491e+00
   1.0035971223021583e+00
   1.0035842293906809e+00
   1.0035714285714286e+00
   1.0035587188612098e+00
   1.0035460992907801e+00
   1.0035335689045937e+00
   1.0035211267605635e+00
   1.0035087719298246e+00
   1.0034965034965035e+00
   1.0034843205574913e+00
   1.0034722222222221e+00
   1.0034602076124568e+00
   1.0034482758620689e+00
   1.0034364261168385e+00
   1.0034246575342465e+00
   1.0034129692832765e+00
   1.0034013605442176e+00
   1.0033898305084745e+00
   1.0033783783783785e+00
   1.0033670033670032e+00
   1.0033557046979866e+00
   1.0033444816053512e+00
   1.0033333333333334e+00
   1.0033222591362128e+00
   1.0033112582781456e+00
   1.0033003300330032e+00
   1.0032894736842104e+00
   1.0032786885245901e+00
   1.0032679738562091e+00
   1.0032573289902280e+00
   1.0032467532467533e+00
   1.0032362459546926e+00
   1.0032258064516129e+00
   1.0032154340836013e+00
   1.0032051282051282e+00
   1.0031948881789137e+00
   1.0031847133757963e+00
   1.0031746031746032e+00
   1.0031645569620253e+00
   1.0031545741324921e+00
   1.0031446540880504e+00
   1.0031347962382444e+00
   1.0031250000000000e+00
   1.0031152647975077e+00
   1.0031055900621118e+00
   1.0030959752321982e+00
   1.0030864197530864e+00
   1.0030769230769230e+00
   1.0030674846625767e+00
   1.0030581039755351e+00
   1.0030487804878050e+00
   1.0030395136778116e+00
   1.0030303030303029e+00
   1.0030211480362539e+00
   1.0030120481927711e+00
   1.0030030030030030e+00
   1.0029940119760479e+00
   1.0029850746268656e+00
   1.0029761904761905e+00
   1.0029673590504451e+00
   1.0029585798816567e+00
   1.0029498525073746e+00
   1.0029411764705882e+00
   1.0029325513196481e+00
   1.0029239766081870e+00
   1.0029154518950436e+00
   1.0029069767441861e+00
   1.0028985507246377e+00
   1.0028901734104045e+00
   1.0028818443804033e+00
   1.0028735632183907e+00
   1.0028653295128940e+00
   1.0028571428571429e+00
   1.0028490028490029e+00
   1.0028409090909092e+00
   1.0028328611898016e+00
   1.0028248587570621e+00
   1.0028169014084507e+00
   1.0028089887640450e+00
   1.0028011204481793e+00
   1.0027932960893855e+00
   1.0027855153203342e+00
   1.0027777777777778e+00
   1.0027700831024930e+00
   1.0027624309392265e+00
   1.0027548209366390e+00
   1.0027472527472527e+00
   1.0027397260273974e+00
   1.0027322404371584e+00
   1.0027247956403269e+00
   1.0027173913043479e+00
   1.0027100271002709e+00
   1.0027027027027027e+00
   1.0026954177897576e+00
   1.0026881720430108e+00
   1.0026809651474531e+00
   1.0026737967914439e+00
   1.0026666666666666e+00
   1.0026595744680851e+00
   1.0026525198938991e+00
   1.0026455026455026e+00
   1.0026385224274406e+00
   1.0026315789473683e+00
   1.0026246719160106e+00
   1.0026178010471205e+00
   1.0026109660574414e+00
   1.0026041666666665e+00
   1.0025974025974025e+00
   1.0025906735751295e+00
   1.0025839793281655e+00
   1.0025773195876289e+00
   1.0025706940874035e+00
   1.0025641025641026e+00
   1.0025575447570334e+00
   1.0025510204081631e+00
   1.0025445292620865e+00
   1.0025380710659897e+00
   1.0025316455696203e+00
   1.0025252525252526e+00
   1.0025188916876575e+00
   1.0025125628140703e+00
   1.0025062656641603e+00
   1.0024999999999999e+00
   1.0024937655860349e+00
   1.0024875621890548e+00
   1.0024813895781637e+00
   1.0024752475247525e+00
   1.0024691358024691e+00
   1.0024630541871922e+00
   1.0024570024570025e+00
   1.0024509803921569e+00
   1.0024449877750612e+00
   1.0024390243902439e+00
   1.0024330900243310e+00
   1.0024271844660193e+00
   1.0024213075060533e+00
   1.0024154589371981e+00
   1.0024096385542169e+00
   1.0024038461538463e+00
   1.0023980815347722e+00
   1.0023923444976077e+00
   1.0023866348448687e+00
   1.0023809523809524e+00
   1.0023752969121140e+00
   1.0023696682464456e+00
   1.0023640661938533e+00
   1.0023584905660377e+00
   1.0023529411764704e+00
   1.0023474178403755e+00
   1.0023419203747073e+00
   1.0023364485981308e+00
   1.0023310023310024e+00
   1.0023255813953489e+00
   1.0023201856148491e+00
   1.0023148148148147e+00
   1.0023094688221710e+00
   1.0023041474654377e+00
   1.0022988505747126e+00
   1.0022935779816515e+00
   1.0022883295194509e+00
   1.0022831050228309e+00
   1.0022779043280181e+00
   1.0022727272727272e+00
   1.0022675736961451e+00
   1.0022624434389140e+00
   1.0022573363431151e+00
   1.0022522522522523e+00
   1.0022471910112360e+00
   1.0022421524663676e+00
   1.0022371364653244e+00
   1.0022321428571428e+00
   1.0022271714922049e+00
   1.0022222222222221e+00
   1.0022172949002217e+00
   1.0022123893805310e+00
   1.0022075055187638e+00
   1.0022026431718063e+00
   1.0021978021978022e+00
   1.0021929824561402e+00
   1.0021881838074398e+00
   1.0021834061135371e+00
   1.0021786492374729e+00
   1.0021739130434784e+00
   1.0021691973969631e+00
   1.0021645021645023e+00
   1.0021598272138230e+00
   1.0021551724137931e+00
   1.0021505376344086e+00
   1.0021459227467810e+00
   1.0021413276231264e+00
   1.0021367521367521e+00
   1.0021321961620469e+00
   1.0021276595744681e+00
   1.0021231422505308e+00
   1.0021186440677967e+00
   1.0021141649048626e+00
   1.0021097046413501e+00
   1.0021052631578946e+00
   1.0021008403361344e+00
   1.0020964360587004e+00
   1.0020920502092050e+00
   1.0020876826722338e+00
   1.0020833333333332e+00
   1.0020790020790020e+00
   1.0020746887966805e+00
   1.0020703933747412e+00
   1.0020661157024793e+00
   1.0020618556701031e+00
   1.0020576131687244e+00
   1.0020533880903491e+00
   1.0020491803278688e+00
   1.0020449897750512e+00
   1.0020408163265306e+00
   1.0020366598778003e+00
   1.0020325203252034e+00
   1.0020283975659230e+00
   1.0020242914979758e+00
   1.0020202020202020e+00
   1.0020161290322580e+00
   1.0020120724346078e+00
   1.0020080321285139e+00
   1.0020040080160320e+00
   1.0020000000000000e+00
   1.0019960079840318e+00
   1.0019920318725100e+00
   1.0019880715705765e+00
   1.0019841269841270e+00
   1.0019801980198020e+00
   1.0019762845849802e+00
   1.0019723865877712e+00
   1.0019685039370079e+00
   1.0019646365422397e+00
   1.0019607843137255e+00
   1.0019569471624266e+00
   1.0019531250000000e+00
   1.0019493177387915e+00
   1.0019455252918288e+00
   1.0019417475728154e+00
   1.0019379844961240e+00
   1.0019342359767891e+00
   1.0019305019305020e+00
   1.0019267822736031e+00
   1.0019230769230769e+00
   1.0019193857965452e+00
   1.0019157088122606e+00
   1.0019120458891013e+00
   1.0019083969465647e+00
   1.0019047619047619e+00
   1.0019011406844107e+00
   1.0018975332068312e+00
   1.0018939393939394e+00
   1.0018903591682420e+00
   1.0018867924528303e+00
   1.0018832391713748e+00
   1.0018796992481203e+00
   1.0018761726078800e+00
   1.0018726591760301e+00
   1.0018691588785047e+00
   1.0018656716417911e+00
   1.0018621973929236e+00
   1.0018587360594795e+00
   1.0018552875695732e+00
   1.0018518518518520e+00
   1.0018484288354899e+00
   1.0018450184501844e+00
   1.0018416206261511e+00
   1.0018382352941175e+00
   1.0018348623853210e+00
   1.0018315018315018e+00
   1.0018281535648994e+00
   1.0018248175182480e+00
   1.0018214936247722e+00
   1.0018181818181817e+00
   1.0018148820326678e+00
   1.0018115942028987e+00
   1.0018083182640145e+00
   1.0018050541516246e+00
   1.0018018018018018e+00
   1.0017985611510791e+00
   1.0017953321364452e+00
   1.0017921146953406e+00
   1.0017889087656529e+00
   1.0017857142857143e+00
   1.0017825311942958e+00
   1.0017793594306050e+00
   1.0017761989342806e+00
   1.0017730496453900e+00
   1.0017699115044247e+00
   1.0017667844522968e+00
   1.0017636684303350e+00
   1.0017605633802817e+00
   1.0017574692442881e+00
   1.0017543859649123e+00
   1.0017513134851139e+00
   1.0017482517482517e+00
   1.0017452006980803e+00
   1.0017421602787457e+00
   1.0017391304347827e+00
   1.0017361111111112e+00
   1.0017331022530329e+00
   1.0017301038062285e+00
   1.0017271157167529e+00
   1.0017241379310344e+00
   1.0017211703958693e+00
   1.0017182130584192e+00
   1.0017152658662092e+00
   1.0017123287671232e+00
   1.0017094017094017e+00
   1.0017064846416381e+00
   1.0017035775127769e+00
   1.0017006802721089e+00
   1.0016977928692699e+00
   1.0016949152542372e+00
   1.0016920473773265e+00
   1.0016891891891893e+00
   1.0016863406408094e+00
   1.0016835016835017e+00
   1.0016806722689076e+00
   1.0016778523489933e+00
   1.0016750418760469e+00
   1.0016722408026755e+00
   1.0016694490818030e+00
   1.0016666666666667e+00
   1.0016638935108153e+00
   1.0016611295681064e+00
   1.0016583747927033e+00
   1.0016556291390728e+00
   1.0016528925619834e+00
   1.0016501650165017e+00
   1.0016474464579901e+00
   1.0016447368421053e+00
   1.0016420361247946e+00
   1.0016393442622951e+00
   1.0016366612111294e+00
   1.0016339869281046e+00
   1.0016313213703101e+00
   1.0016286644951140e+00
   1.0016260162601627e+00
   1.0016233766233766e+00
   1.0016207455429498e+00
   1.0016181229773464e+00
   1.0016155088852989e+00
   1.0016129032258065e+00
   1.0016103059581321e+00
   1.0016077170418007e+00
   1.0016051364365972e+00
   1.0016025641025641e+00
   1.0016000000000000e+00
   1.0015974440894568e+00
   1.0015948963317385e+00
   1.0015923566878981e+00
   1.0015898251192370e+00
   1.0015873015873016e+00
   1.0015847860538827e+00
   1.0015822784810127e+00
   1.0015797788309637e+00
   1.0015772870662460e+00
   1.0015748031496063e+00
   1.0015723270440251e+00
   1.0015698587127160e+00
   1.0015673981191222e+00
   1.0015649452269171e+00
   1.0015625000000001e+00
   1.0015600624024961e+00
   1.0015576323987538e+00
   1.0015552099533438e+00
   1.0015527950310559e+00
   1.0015503875968992e+00
   1.0015479876160991e+00
   1.0015455950540959e+00
   1.0015432098765431e+00
   1.0015408320493067e+00
   1.0015384615384615e+00
   1.0015360983102919e+00
   1.0015337423312884e+00
   1.0015313935681471e+00
   1.0015290519877675e+00
   1.0015267175572520e+00
   1.0015243902439024e+00
   1.0015220700152208e+00
   1.0015197568389058e+00
   1.0015174506828528e+00
   1.0015151515151515e+00
   1.0015128593040847e+00
   1.0015105740181269e+00
   1.0015082956259427e+00
   1.0015060240963856e+00
   1.0015037593984963e+00
   1.0015015015015014e+00
   1.0014992503748126e+00
   1.0014970059880239e+00
   1.0014947683109119e+00
   1.0014925373134329e+00
   1.0014903129657229e+00
   1.0014880952380951e+00
   1.0014858841010401e+00
   1.0014836795252227e+00
   1.0014814814814814e+00
   1.0014792899408285e+00
   1.0014771048744462e+00
   1.0014749262536873e+00
   1.0014727540500736e+00
   1.0014705882352941e+00
   1.0014684287812041e+00
   1.0014662756598240e+00
   1.0014641288433381e+00
   1.0014619883040936e+00
   1.0014598540145985e+00
   1.0014577259475219e+00
   1.0014556040756915e+00
   1.0014534883720929e+00
   1.0014513788098693e+00
   1.0014492753623188e+00
   1.0014471780028942e+00
   1.0014450867052023e+00
   1.0014430014430014e+00
   1.0014409221902016e+00
   1.0014388489208634e+00
   1.0014367816091954e+00
   1.0014347202295553e+00
   1.0014326647564469e+00
   1.0014306151645207e+00
   1.0014285714285713e+00
   1.0014265335235379e+00
   1.0014245014245016e+00
   1.0014224751066856e+00
   1.0014204545454546e+00
   1.0014184397163122e+00
   1.0014164305949009e+00
   1.0014144271570014e+00
   1.0014124293785311e+00
   1.0014104372355430e+00
   1.0014084507042254e+00
   1.0014064697609002e+00
   1.0014044943820224e+00
   1.0014025245441796e+00
   1.0014005602240896e+00
   1.0013986013986014e+00
   1.0013966480446927e+00
   1.0013947001394701e+00
   1.0013927576601671e+00
   1.0013908205841446e+00
   1.0013888888888889e+00
   1.0013869625520111e+00
   1.0013850415512466e+00
   1.0013831258644537e+00
   1.0013812154696131e+00
   1.0013793103448274e+00
   1.0013774104683195e+00
   1.0013755158184319e+00
   1.0013736263736264e+00
   1.0013717421124828e+00
   1.0013698630136987e+00
   1.0013679890560876e+00
   1.0013661202185793e+00
   1.0013642564802183e+00
   1.0013623978201633e+00
   1.0013605442176869e+00
   1.0013586956521738e+00
   1.0013568521031206e+00
   1.0013550135501355e+00
   1.0013531799729365e+00
   1.0013513513513514e+00
   1.0013495276653170e+00
   1.0013477088948788e+00
   1.0013458950201883e+00
   1.0013440860215055e+00
   1.0013422818791946e+00
   1.0013404825737267e+00
   1.0013386880856761e+00
   1.0013368983957218e+00
   1.0013351134846462e+00
   1.0013333333333334e+00
   1.0013315579227697e+00
   1.0013297872340425e+00
   1.0013280212483400e+00
   1.0013262599469495e+00
   1.0013245033112583e+00
   1.0013227513227512e+00
   1.0013210039630118e+00
   1.0013192612137203e+00
   1.0013175230566536e+00
   1.0013157894736842e+00
   1.0013140604467805e+00
   1.0013123359580052e+00
   1.0013106159895151e+00
   1.0013089005235603e+00
   1.0013071895424837e+00
   1.0013054830287207e+00
   1.0013037809647978e+00
   1.0013020833333333e+00
   1.0013003901170352e+00
   1.0012987012987014e+00
   1.0012970168612192e+00
   1.0012953367875648e+00
   1.0012936610608021e+00
   1.0012919896640828e+00
   1.0012903225806451e+00
   1.0012886597938144e+00
   1.0012870012870012e+00
   1.0012853470437018e+00
   1.0012836970474968e+00
   1.0012820512820513e+00
   1.0012804097311139e+00
   1.0012787723785168e+00
   1.0012771392081738e+00
   1.0012755102040816e+00
   1.0012738853503185e+00
   1.0012722646310432e+00
   1.0012706480304956e+00
   1.0012690355329950e+00
   1.0012674271229405e+00
   1.0012658227848101e+00
   1.0012642225031607e+00
   1.0012626262626263e+00
   1.0012610340479193e+00
   1.0012594458438286e+00
   1.0012578616352201e+00
   1.0012562814070352e+00
   1.0012547051442910e+00
   1.0012531328320802e+00
   1.0012515644555695e+00
   1.0012500000000000e+00
   1.0012484394506866e+00
   1.0012468827930174e+00
   1.0012453300124533e+00
   1.0012437810945274e+00
   1.0012422360248447e+00
   1.0012406947890820e+00
   1.0012391573729864e+00
   1.0012376237623763e+00
   1.0012360939431395e+00
   1.0012345679012344e+00
   1.0012330456226881e+00
   1.0012315270935961e+00
   1.0012300123001230e+00
   1.0012285012285012e+00
   1.0012269938650307e+00
   1.0012254901960784e+00
   1.0012239902080782e+00
   1.0012224938875305e+00
   1.0012210012210012e+00
   1.0012195121951220e+00
   1.0012180267965896e+00
   1.0012165450121655e+00
   1.0012150668286754e+00
   1.0012135922330097e+00
   1.0012121212121212e+00
   1.0012106537530268e+00
   1.0012091898428053e+00
   1.0012077294685990e+00
   1.0012062726176114e+00
   1.0012048192771086e+00
   1.0012033694344165e+00
   1.0012019230769231e+00
   1.0012004801920769e+00
   1.0011990407673861e+00
   1.0011976047904192e+00
   1.0011961722488039e+00
   1.0011947431302270e+00
   1.0011933174224343e+00
   1.0011918951132299e+00
   1.0011904761904762e+00
   1.0011890606420926e+00
   1.0011876484560571e+00
   1.0011862396204034e+00
   1.0011848341232228e+00
   1.0011834319526627e+00
   1.0011820330969268e+00
   1.0011806375442738e+00
   1.0011792452830188e+00
   1.0011778563015312e+00
   1.0011764705882351e+00
   1.0011750881316099e+00
   1.0011737089201878e+00
   1.0011723329425557e+00
   1.0011709601873535e+00
   1.0011695906432749e+00
   1.0011682242990654e+00
   1.0011668611435238e+00
   1.0011655011655012e+00
   1.0011641443538999e+00
   1.0011627906976743e+00
   1.0011614401858304e+00
   1.0011600928074245e+00
   1.0011587485515643e+00
   1.0011574074074074e+00
   1.0011560693641619e+00
   1.0011547344110854e+00
   1.0011534025374855e+00
   1.0011520737327189e+00
   1.0011507479861910e+00
   1.0011494252873563e+00
   1.0011481056257177e+00
   1.0011467889908257e+00
   1.0011454753722795e+00
   1.0011441647597255e+00
   1.0011428571428571e+00
   1.0011415525114156e+00
   1.0011402508551881e+00
   1.0011389521640091e+00
   1.0011376564277588e+00
   1.0011363636363635e+00
   1.0011350737797957e+00
   1.0011337868480725e+00
   1.0011325028312572e+00
   1.0011312217194570e+00
   1.0011299435028249e+00
   1.0011286681715574e+00
   1.0011273957158962e+00
   1.0011261261261262e+00
   1.0011248593925761e+00
   1.0011235955056181e+00
   1.0011223344556679e+00
   1.0011210762331839e+00
   1.0011198208286674e+00
   1.0011185682326622e+00
   1.0011173184357540e+00
   1.0011160714285714e+00
   1.0011148272017838e+00
   1.0011135857461024e+00
   1.0011123470522802e+00
   1.0011111111111111e+00
   1.0011098779134295e+00
   1.0011086474501110e+00
   1.0011074197120708e+00
   1.0011061946902655e+00
   1.0011049723756906e+00
   1.0011037527593818e+00
   1.0011025358324146e+00
   1.0011013215859033e+00
   1.0011001100110011e+00
   1.0010989010989011e+00
   1.0010976948408343e+00
   1.0010964912280702e+00
   1.0010952902519168e+00
   1.0010940919037199e+00
   1.0010928961748633e+00
   1.0010917030567685e+00
   1.0010905125408942e+00
   1.0010893246187365e+00
   1.0010881392818280e+00
   1.0010869565217391e+00
   1.0010857763300760e+00
   1.0010845986984815e+00
   1.0010834236186348e+00
   1.0010822510822510e+00
   1.0010810810810811e+00
   1.0010799136069115e+00
   1.0010787486515640e+00
   1.0010775862068966e+00
   1.0010764262648009e+00
   1.0010752688172042e+00
   1.0010741138560688e+00
   1.0010729613733906e+00
   1.0010718113612005e+00
   1.0010706638115632e+00
   1.0010695187165775e+00
   1.0010683760683761e+00
   1.0010672358591248e+00
   1.0010660980810235e+00
   1.0010649627263046e+00
   1.0010638297872341e+00
   1.0010626992561105e+00
   1.0010615711252653e+00
   1.0010604453870626e+00
   1.0010593220338984e+00
   1.0010582010582012e+00
   1.0010570824524314e+00
   1.0010559662090812e+00
   1.0010548523206750e+00
   1.0010537407797682e+00
   1.0010526315789474e+00
   1.0010515247108307e+00
   1.0010504201680672e+00
   1.0010493179433368e+00
   1.0010482180293501e+00
   1.0010471204188482e+00
   1.0010460251046025e+00
   1.0010449320794150e+00
   1.0010438413361169e+00
   1.0010427528675705e+00
   1.0010416666666666e+00
   1.0010405827263269e+00
   1.0010395010395010e+00
   1.0010384215991692e+00
   1.0010373443983402e+00
   1.0010362694300519e+00
   1.0010351966873707e+00
   1.0010341261633919e+00
   1.0010330578512396e+00
   1.0010319917440660e+00
   1.0010309278350515e+00
   1.0010298661174046e+00
   1.0010288065843622e+00
   1.0010277492291881e+00
   1.0010266940451746e+00
   1.0010256410256411e+00
   1.0010245901639345e+00
   1.0010235414534290e+00
   1.0010224948875257e+00
   1.0010214504596526e+00
   1.0010204081632654e+00
   1.0010193679918451e+00
   1.0010183299389002e+00
   1.0010172939979654e+00
   1.0010162601626018e+00
   1.0010152284263960e+00
   1.0010141987829615e+00
   1.0010131712259374e+00
   1.0010121457489878e+00
   1.0010111223458038e+00
   1.0010101010101009e+00
   1.0010090817356205e+00
   1.0010080645161290e+00
   1.0010070493454180e+00
   1.0010060362173039e+00
   1.0010050251256282e+00
   1.0010040160642570e+00
   1.0010030090270812e+00
   1.0010020040080159e+00
   1.0010010010010011e+00
