0   -8   64   4   16
1   -16   128   8   32
2   -24   192   12   48
3   -32   256   16   64
4   -40   320   20   80
5   -48   384   24   96
6   -56   448   28   112
7   -64   512   32   128
8   -72   576   36   144
9   -80   640   40   160
10   -88   704   44   176
11   -96   768   48   192
12   -104   832   52   208
13   -112   896   56   224
14   -120   960   60   240
15   -128   1024   64   256
16   -136   1088   68   272
17   -144   1152   72   288
18   -152   1216   76   304
19   -160   1280   80   320
20   -168   1344   84   336
21   -176   1408   88   352
22   -184   1472   92   368
23   -192   1536   96   384
24   -200   1600   100   400
25   -208   1664   104   416
26   -216   1728   108   432
27   -224   1792   112   448
28   -232   1856   116   464
29   -240   1920   120   480
30   -248   1984   124   496
31   -256   2048   128   512
32   -264   2112   132   528
33   -272   2176   136   544
34   -280   2240   140   560
35   -288   2304   144   576
36   -296   2368   148   592
37   -304   2432   152   608
38   -312   2496   156   624
39   -320   2560   160   640
40   -328   2624   164   656
41   -336   2688   168   672
42   -344   2752   172   688
43   -352   2816   176   704
44   -360   2880   180   720
45   -368   2944   184   736
46   -376   3008   188   752
47   -384   3072   192   768
48   -392   3136   196   784
49   -400   3200   200   800
50   -408   3264   204   816
51   -416   3328   208   832
52   -424   3392   212   848
53   -432   3456   216   864
54   -440   3520   220   880
55   -448   3584   224   896
56   -456   3648   228   912
57   -464   3712   232   928
58   -472   3776   236   944
59   -480   3840   240   960
60   -488   3904   244   976
61   -496   3968   248   992
62   -504   4032   252   1008
63   -512   4096   256   1024
64   -520   4160   260   1040
65   -528   4224   264   1056
66   -536   4288   268   1072
67   -544   4352   272   1088
68   -552   4416   276   1104
69   -560   4480   280   1120
70   -568   4544   284   1136
71   -576   4608   288   1152
72   -584   4672   292   1168
73   -592   4736   296   1184
74   -600   4800   300   1200
75   -608   4864   304   1216
76   -616   4928   308   1232
77   -624   4992   312   1248
78   -632   5056   316   1264
79   -640   5120   320   1280
80   -648   5184   324   1296
81   -656   5248   328   1312
82   -664   5312   332   1328
83   -672   5376   336   1344
84   -680   5440   340   1360
85   -688   5504   344   1376
86   -696   5568   348   1392
87   -704   5632   352   1408
88   -712   5696   356   1424
89   -720   5760   360   1440
90   -728   5824   364   1456
91   -736   5888   368   1472
92   -744   5952   372   1488
93   -752   6016   376   1504
94   -760   6080   380   1520
95   -768   6144   384   1536
96   -776   6208   388   1552
97   -784   6272   392   1568
98   -792   6336   396   1584
99   -800   6400   400   1600
100   -808   6464   404   1616
101   -816   6528   408   1632
102   -824   6592   412   1648
103   -832   6656   416   1664
104   -840   6720   420   1680
105   -848   6784   424   1696
106   -856   6848   428   1712
107   -864   6912   432   1728
108   -872   6976   436   1744
109   -880   7040   440   1760
110   -888   7104   444   1776
111   -896   7168   448   1792
112   -904   7232   452   1808
113   -912   7296   456   1824
114   -920   7360   460   1840
115   -928   7424   464   1856
116   -936   7488   468   1872
117   -944   7552   472   1888
118   -952   7616   476   1904
119   -960   7680   480   1920
120   -968   7744   484   1936
121   -976   7808   488   1952
122   -984   7872   492   1968
123   -992   7936   496   1984
124   -1000   8000   500   2000
125   -1008   8064   504   2016
126   -1016   8128   508   2032
127   -1024   8192   512   2048
128   -1032   8256   516   2064
129   -1040   8320   520   2080
130   -1048   8384   524   2096
131   -1056   8448   528   2112
132   -1064   8512   532   2128
133   -1072   8576   536   2144
134   -1080   8640   540   2160
135   -1088   8704   544   2176
136   -1096   8768   548   2192
137   -1104   8832   552   2208
138   -1112   8896   556   2224
139   -1120   8960   560   2240
140   -1128   9024   564   2256
141   -1136   9088   568   2272
142   -1144   9152   572   2288
143   -1152   9216   576   2304
144   -1160   9280   580   2320
145   -1168   9344   584   2336
146   -1176   9408   588   2352
147   -1184   9472   592   2368
148   -1192   9536   596   2384
149   -1200   9600   600   2400
150   -1208   9664   604   2416
151   -1216   9728   608   2432
152   -1224   9792   612   2448
153   -1232   9856   616   2464
154   -1240   9920   620   2480
155   -1248   9984   624   2496
156   -1256   10048   628   2512
157   -1264   10112   632   2528
158   -1272   10176   636   2544
159   -1280   10240   640   2560
160   -1288   10304   644   2576
161   -1296   10368   648   2592
162   -1304   10432   652   2608
163   -1312   10496   656   2624
164   -1320   10560   660   2640
165   -1328   10624   664   2656
166   -1336   10688   668   2672
167   -1344   10752   672   2688
168   -1352   10816   676   2704
169   -1360   10880   680   2720
170   -1368   10944   684   2736
171   -1376   11008   688   2752
172   -1384   11072   692   2768
173   -1392   11136   696   2784
174   -1400   11200   700   2800
175   -1408   11264   704   2816
176   -1416   11328   708   2832
177   -1424   11392   712   2848
178   -1432   11456   716   2864
179   -1440   11520   720   2880
180   -1448   11584   724   2896
181   -1456   11648   728   2912
182   -1464   11712   732   2928
183   -1472   11776   736   2944
184   -1480   11840   740   2960
185   -1488   11904   744   2976
186   -1496   11968   748   2992
187   -1504   12032   752   3008
188   -1512   12096   756   3024
189   -1520   12160   760   3040
190   -1528   12224   764   3056
191   -1536   12288   768   3072
192   -1544   12352   772   3088
193   -1552   12416   776   3104
194   -1560   12480   780   3120
195   -1568   12544   784   3136
196   -1576   12608   788   3152
197   -1584   12672   792   3168
198   -1592   12736   796   3184
199   -1600   12800   800   3200
200   -1608   12864   804   3216
201   -1616   12928   808   3232
202   -1624   12992   812   3248
203   -1632   13056   816   3264
204   -1640   13120   820   3280
205   -1648   13184   824   3296
206   -1656   13248   828   3312
207   -1664   13312   832   3328
208   -1672   13376   836   3344
209   -1680   13440   840   3360
210   -1688   13504   844   3376
211   -1696   13568   848   3392
212   -1704   13632   852   3408
213   -1712   13696   856   3424
214   -1720   13760   860   3440
215   -1728   13824   864   3456
216   -1736   13888   868   3472
217   -1744   13952   872   3488
218   -1752   14016   876   3504
219   -1760   14080   880   3520
220   -1768   14144   884   3536
221   -1776   14208   888   3552
222   -1784   14272   892   3568
223   -1792   14336   896   3584
224   -1800   14400   900   3600
225   -1808   14464   904   3616
226   -1816   14528   908   3632
227   -1824   14592   912   3648
228   -1832   14656   916   3664
229   -1840   14720   920   3680
230   -1848   14784   924   3696
231   -1856   14848   928   3712
232   -1864   14912   932   3728
233   -1872   14976   936   3744
234   -1880   15040   940   3760
235   -1888   15104   944   3776
236   -1896   15168   948   3792
237   -1904   15232   952   3808
238   -1912   15296   956   3824
239   -1920   15360   960   3840
240   -1928   15424   964   3856
241   -1936   15488   968   3872
242   -1944   15552   972   3888
243   -1952   15616   976   3904
244   -1960   15680   980   3920
245   -1968   15744   984   3936
246   -1976   15808   988   3952
247   -1984   15872   992   3968
248   -1992   15936   996   3984
249   -2000   16000   1000   4000
250   -2008   16064   1004   4016
251   -2016   16128   1008   4032
252   -2024   16192   1012   4048
253   -2032   16256   1016   4064
254   -2040   16320   1020   4080
255   -2048   16384   1024   4096
256   -2056   16448   1028   4112
257   -2064   16512   1032   4128
258   -2072   16576   1036   4144
259   -2080   16640   1040   4160
260   -2088   16704   1044   4176
261   -2096   16768   1048   4192
262   -2104   16832   1052   4208
263   -2112   16896   1056   4224
264   -2120   16960   1060   4240
265   -2128   17024   1064   4256
266   -2136   17088   1068   4272
267   -2144   17152   1072   4288
268   -2152   17216   1076   4304
269   -2160   17280   1080   4320
270   -2168   17344   1084   4336
271   -2176   17408   1088   4352
272   -2184   17472   1092   4368
273   -2192   17536   1096   4384
274   -2200   17600   1100   4400
275   -2208   17664   1104   4416
276   -2216   17728   1108   4432
277   -2224   17792   1112   4448
278   -2232   17856   1116   4464
279   -2240   17920   1120   4480
280   -2248   17984   1124   4496
281   -2256   18048   1128   4512
282   -2264   18112   1132   4528
283   -2272   18176   1136   4544
284   -2280   18240   1140   4560
285   -2288   18304   1144   4576
286   -2296   18368   1148   4592
287   -2304   18432   1152   4608
288   -2312   18496   1156   4624
289   -2320   18560   1160   4640
290   -2328   18624   1164   4656
291   -2336   18688   1168   4672
292   -2344   18752   1172   4688
293   -2352   18816   1176   4704
294   -2360   18880   1180   4720
295   -2368   18944   1184   4736
296   -2376   19008   1188   4752
297   -2384   19072   1192   4768
298   -2392   19136   1196   4784
299   -2400   19200   1200   4800
300   -2408   19264   1204   4816
301   -2416   19328   1208   4832
302   -2424   19392   1212   4848
303   -2432   19456   1216   4864
304   -2440   19520   1220   4880
305   -2448   19584   1224   4896
306   -2456   19648   1228   4912
307   -2464   19712   1232   4928
308   -2472   19776   1236   4944
309   -2480   19840   1240   4960
310   -2488   19904   1244   4976
311   -2496   19968   1248   4992
312   -2504   20032   1252   5008
313   -2512   20096   1256   5024
314   -2520   20160   1260   5040
315   -2528   20224   1264   5056
316   -2536   20288   1268   5072
317   -2544   20352   1272   5088
318   -2552   20416   1276   5104
319   -2560   20480   1280   5120
320   -2568   20544   1284   5136
321   -2576   20608   1288   5152
322   -2584   20672   1292   5168
323   -2592   20736   1296   5184
324   -2600   20800   1300   5200
325   -2608   20864   1304   5216
326   -2616   20928   1308   5232
327   -2624   20992   1312   5248
328   -2632   21056   1316   5264
329   -2640   21120   1320   5280
330   -2648   21184   1324   5296
331   -2656   21248   1328   5312
332   -2664   21312   1332   5328
333   -2672   21376   1336   5344
334   -2680   21440   1340   5360
335   -2688   21504   1344   5376
336   -2696   21568   1348   5392
337   -2704   21632   1352   5408
338   -2712   21696   1356   5424
339   -2720   21760   1360   5440
340   -2728   21824   1364   5456
341   -2736   21888   1368   5472
342   -2744   21952   1372   5488
343   -2752   22016   1376   5504
344   -2760   22080   1380   5520
345   -2768   22144   1384   5536
346   -2776   22208   1388   5552
347   -2784   22272   1392   5568
348   -2792   22336   1396   5584
349   -2800   22400   1400   5600
350   -2808   22464   1404   5616
351   -2816   22528   1408   5632
352   -2824   22592   1412   5648
353   -2832   22656   1416   5664
354   -2840   22720   1420   5680
355   -2848   22784   1424   5696
356   -2856   22848   1428   5712
357   -2864   22912   1432   5728
358   -2872   22976   1436   5744
359   -2880   23040   1440   5760
360   -2888   23104   1444   5776
361   -2896   23168   1448   5792
362   -2904   23232   1452   5808
363   -2912   23296   1456   5824
364   -2920   23360   1460   5840
365   -2928   23424   1464   5856
366   -2936   23488   1468   5872
367   -2944   23552   1472   5888
368   -2952   23616   1476   5904
369   -2960   23680   1480   5920
370   -2968   23744   1484   5936
371   -2976   23808   1488   5952
372   -2984   23872   1492   5968
373   -2992   23936   1496   5984
374   -3000   24000   1500   6000
375   -3008   24064   1504   6016
376   -3016   24128   1508   6032
377   -3024   24192   1512   6048
378   -3032   24256   1516   6064
379   -3040   24320   1520   6080
380   -3048   24384   1524   6096
381   -3056   24448   1528   6112
382   -3064   24512   1532   6128
383   -3072   24576   1536   6144
384   -3080   24640   1540   6160
385   -3088   24704   1544   6176
386   -3096   24768   1548   6192
387   -3104   24832   1552   6208
388   -3112   24896   1556   6224
389   -3120   24960   1560   6240
390   -3128   25024   1564   6256
391   -3136   25088   1568   6272
392   -3144   25152   1572   6288
393   -3152   25216   1576   6304
394   -3160   25280   1580   6320
395   -3168   25344   1584   6336
396   -3176   25408   1588   6352
397   -3184   25472   1592   6368
398   -3192   25536   1596   6384
399   -3200   25600   1600   6400
400   -3208   25664   1604   6416
401   -3216   25728   1608   6432
402   -3224   25792   1612   6448
403   -3232   25856   1616   6464
404   -3240   25920   1620   6480
405   -3248   25984   1624   6496
406   -3256   26048   1628   6512
407   -3264   26112   1632   6528
408   -3272   26176   1636   6544
409   -3280   26240   1640   6560
410   -3288   26304   1644   6576
411   -3296   26368   1648   6592
412   -3304   26432   1652   6608
413   -3312   26496   1656   6624
414   -3320   26560   1660   6640
415   -3328   26624   1664   6656
416   -3336   26688   1668   6672
417   -3344   26752   1672   6688
418   -3352   26816   1676   6704
419   -3360   26880   1680   6720
420   -3368   26944   1684   6736
421   -3376   27008   1688   6752
422   -3384   27072   1692   6768
423   -3392   27136   1696   6784
424   -3400   27200   1700   6800
425   -3408   27264   1704   6816
426   -3416   27328   1708   6832
427   -3424   27392   1712   6848
428   -3432   27456   1716   6864
429   -3440   27520   1720   6880
430   -3448   27584   1724   6896
431   -3456   27648   1728   6912
432   -3464   27712   1732   6928
433   -3472   27776   1736   6944
434   -3480   27840   1740   6960
435   -3488   27904   1744   6976
436   -3496   27968   1748   6992
437   -3504   28032   1752   7008
438   -3512   28096   1756   7024
439   -3520   28160   1760   7040
440   -3528   28224   1764   7056
441   -3536   28288   1768   7072
442   -3544   28352   1772   7088
443   -3552   28416   1776   7104
444   -3560   28480   1780   7120
445   -3568   28544   1784   7136
446   -3576   28608   1788   7152
447   -3584   28672   1792   7168
448   -3592   28736   1796   7184
449   -3600   28800   1800   7200
450   -3608   28864   1804   7216
451   -3616   28928   1808   7232
452   -3624   28992   1812   7248
453   -3632   29056   1816   7264
454   -3640   29120   1820   7280
455   -3648   29184   1824   7296
456   -3656   29248   1828   7312
457   -3664   29312   1832   7328
458   -3672   29376   1836   7344
459   -3680   29440   1840   7360
460   -3688   29504   1844   7376
461   -3696   29568   1848   7392
462   -3704   29632   1852   7408
463   -3712   29696   1856   7424
464   -3720   29760   1860   7440
465   -3728   29824   1864   7456
466   -3736   29888   1868   7472
467   -3744   29952   1872   7488
468   -3752   30016   1876   7504
469   -3760   30080   1880   7520
470   -3768   30144   1884   7536
471   -3776   30208   1888   7552
472   -3784   30272   1892   7568
473   -3792   30336   1896   7584
474   -3800   30400   1900   7600
475   -3808   30464   1904   7616
476   -3816   30528   1908   7632
477   -3824   30592   1912   7648
478   -3832   30656   1916   7664
479   -3840   30720   1920   7680
480   -3848   30784   1924   7696
481   -3856   30848   1928   7712
482   -3864   30912   1932   7728
483   -3872   30976   1936   7744
484   -3880   31040   1940   7760
485   -3888   31104   1944   7776
486   -3896   31168   1948   7792
487   -3904   31232   1952   7808
488   -3912   31296   1956   7824
489   -3920   31360   1960   7840
490   -3928   31424   1964   7856
491   -3936   31488   1968   7872
492   -3944   31552   1972   7888
493   -3952   31616   1976   7904
494   -3960   31680   1980   7920
495   -3968   31744   1984   7936
496   -3976   31808   1988   7952
497   -3984   31872   1992   7968
498   -3992   31936   1996   7984
499   -4000   32000   2000   8000
500   -4008   32064   2004   8016
501   -4016   32128   2008   8032
502   -4024   32192   2012   8048
503   -4032   32256   2016   8064
504   -4040   32320   2020   8080
505   -4048   32384   2024   8096
506   -4056   32448   2028   8112
507   -4064   32512   2032   8128
508   -4072   32576   2036   8144
509   -4080   32640   2040   8160
510   -4088   32704   2044   8176
511   -4096   32768   2048   8192
512   -4104   32832   2052   8208
513   -4112   32896   2056   8224
514   -4120   32960   2060   8240
515   -4128   33024   2064   8256
516   -4136   33088   2068   8272
517   -4144   33152   2072   8288
518   -4152   33216   2076   8304
519   -4160   33280   2080   8320
520   -4168   33344   2084   8336
521   -4176   33408   2088   8352
522   -4184   33472   2092   8368
523   -4192   33536   2096   8384
524   -4200   33600   2100   8400
525   -4208   33664   2104   8416
526   -4216   33728   2108   8432
527   -4224   33792   2112   8448
528   -4232   33856   2116   8464
529   -4240   33920   2120   8480
530   -4248   33984   2124   8496
531   -4256   34048   2128   8512
532   -4264   34112   2132   8528
533   -4272   34176   2136   8544
534   -4280   34240   2140   8560
535   -4288   34304   2144   8576
536   -4296   34368   2148   8592
537   -4304   34432   2152   8608
538   -4312   34496   2156   8624
539   -4320   34560   2160   8640
540   -4328   34624   2164   8656
541   -4336   34688   2168   8672
542   -4344   34752   2172   8688
543   -4352   34816   2176   8704
544   -4360   34880   2180   8720
545   -4368   34944   2184   8736
546   -4376   35008   2188   8752
547   -4384   35072   2192   8768
548   -4392   35136   2196   8784
549   -4400   35200   2200   8800
550   -4408   35264   2204   8816
551   -4416   35328   2208   8832
552   -4424   35392   2212   8848
553   -4432   35456   2216   8864
554   -4440   35520   2220   8880
555   -4448   35584   2224   8896
556   -4456   35648   2228   8912
557   -4464   35712   2232   8928
558   -4472   35776   2236   8944
559   -4480   35840   2240   8960
560   -4488   35904   2244   8976
561   -4496   35968   2248   8992
562   -4504   36032   2252   9008
563   -4512   36096   2256   9024
564   -4520   36160   2260   9040
565   -4528   36224   2264   9056
566   -4536   36288   2268   9072
567   -4544   36352   2272   9088
568   -4552   36416   2276   9104
569   -4560   36480   2280   9120
570   -4568   36544   2284   9136
571   -4576   36608   2288   9152
572   -4584   36672   2292   9168
573   -4592   36736   2296   9184
574   -4600   36800   2300   9200
575   -4608   36864   2304   9216
576   -4616   36928   2308   9232
577   -4624   36992   2312   9248
578   -4632   37056   2316   9264
579   -4640   37120   2320   9280
580   -4648   37184   2324   9296
581   -4656   37248   2328   9312
582   -4664   37312   2332   9328
583   -4672   37376   2336   9344
584   -4680   37440   2340   9360
585   -4688   37504   2344   9376
586   -4696   37568   2348   9392
587   -4704   37632   2352   9408
588   -4712   37696   2356   9424
589   -4720   37760   2360   9440
590   -4728   37824   2364   9456
591   -4736   37888   2368   9472
592   -4744   37952   2372   9488
593   -4752   38016   2376   9504
594   -4760   38080   2380   9520
595   -4768   38144   2384   9536
596   -4776   38208   2388   9552
597   -4784   38272   2392   9568
598   -4792   38336   2396   9584
599   -4800   38400   2400   9600
600   -4808   38464   2404   9616
601   -4816   38528   2408   9632
602   -4824   38592   2412   9648
603   -4832   38656   2416   9664
604   -4840   38720   2420   9680
605   -4848   38784   2424   9696
606   -4856   38848   2428   9712
607   -4864   38912   2432   9728
608   -4872   38976   2436   9744
609   -4880   39040   2440   9760
610   -4888   39104   2444   9776
611   -4896   39168   2448   9792
612   -4904   39232   2452   9808
613   -4912   39296   2456   9824
614   -4920   39360   2460   9840
615   -4928   39424   2464   9856
616   -4936   39488   2468   9872
617   -4944   39552   2472   9888
618   -4952   39616   2476   9904
619   -4960   39680   2480   9920
620   -4968   39744   2484   9936
621   -4976   39808   2488   9952
622   -4984   39872   2492   9968
623   -4992   39936   2496   9984
624   -5000   40000   2500   10000
625   -5008   40064   2504   10016
626   -5016   40128   2508   10032
627   -5024   40192   2512   10048
628   -5032   40256   2516   10064
629   -5040   40320   2520   10080
630   -5048   40384   2524   10096
631   -5056   40448   2528   10112
632   -5064   40512   2532   10128
633   -5072   40576   2536   10144
634   -5080   40640   2540   10160
635   -5088   40704   2544   10176
636   -5096   40768   2548   10192
637   -5104   40832   2552   10208
638   -5112   40896   2556   10224
639   -5120   40960   2560   10240
640   -5128   41024   2564   10256
641   -5136   41088   2568   10272
642   -5144   41152   2572   10288
643   -5152   41216   2576   10304
644   -5160   41280   2580   10320
645   -5168   41344   2584   10336
646   -5176   41408   2588   10352
647   -5184   41472   2592   10368
648   -5192   41536   2596   10384
649   -5200   41600   2600   10400
650   -5208   41664   2604   10416
651   -5216   41728   2608   10432
652   -5224   41792   2612   10448
653   -5232   41856   2616   10464
654   -5240   41920   2620   10480
655   -5248   41984   2624   10496
656   -5256   42048   2628   10512
657   -5264   42112   2632   10528
658   -5272   42176   2636   10544
659   -5280   42240   2640   10560
660   -5288   42304   2644   10576
661   -5296   42368   2648   10592
662   -5304   42432   2652   10608
663   -5312   42496   2656   10624
664   -5320   42560   2660   10640
665   -5328   42624   2664   10656
666   -5336   42688   2668   10672
667   -5344   42752   2672   10688
668   -5352   42816   2676   10704
669   -5360   42880   2680   10720
670   -5368   42944   2684   10736
671   -5376   43008   2688   10752
672   -5384   43072   2692   10768
673   -5392   43136   2696   10784
674   -5400   43200   2700   10800
675   -5408   43264   2704   10816
676   -5416   43328   2708   10832
677   -5424   43392   2712   10848
678   -5432   43456   2716   10864
679   -5440   43520   2720   10880
680   -5448   43584   2724   10896
681   -5456   43648   2728   10912
682   -5464   43712   2732   10928
683   -5472   43776   2736   10944
684   -5480   43840   2740   10960
685   -5488   43904   2744   10976
686   -5496   43968   2748   10992
687   -5504   44032   2752   11008
688   -5512   44096   2756   11024
689   -5520   44160   2760   11040
690   -5528   44224   2764   11056
691   -5536   44288   2768   11072
692   -5544   44352   2772   11088
693   -5552   44416   2776   11104
694   -5560   44480   2780   11120
695   -5568   44544   2784   11136
696   -5576   44608   2788   11152
697   -5584   44672   2792   11168
698   -5592   44736   2796   11184
699   -5600   44800   2800   11200
700   -5608   44864   2804   11216
701   -5616   44928   2808   11232
702   -5624   44992   2812   11248
703   -5632   45056   2816   11264
704   -5640   45120   2820   11280
705   -5648   45184   2824   11296
706   -5656   45248   2828   11312
707   -5664   45312   2832   11328
708   -5672   45376   2836   11344
709   -5680   45440   2840   11360
710   -5688   45504   2844   11376
711   -5696   45568   2848   11392
712   -5704   45632   2852   11408
713   -5712   45696   2856   11424
714   -5720   45760   2860   11440
715   -5728   45824   2864   11456
716   -5736   45888   2868   11472
717   -5744   45952   2872   11488
718   -5752   46016   2876   11504
719   -5760   46080   2880   11520
720   -5768   46144   2884   11536
721   -5776   46208   2888   11552
722   -5784   46272   2892   11568
723   -5792   46336   2896   11584
724   -5800   46400   2900   11600
725   -5808   46464   2904   11616
726   -5816   46528   2908   11632
727   -5824   46592   2912   11648
728   -5832   46656   2916   11664
729   -5840   46720   2920   11680
730   -5848   46784   2924   11696
731   -5856   46848   2928   11712
732   -5864   46912   2932   11728
733   -5872   46976   2936   11744
734   -5880   47040   2940   11760
735   -5888   47104   2944   11776
736   -5896   47168   2948   11792
737   -5904   47232   2952   11808
738   -5912   47296   2956   11824
739   -5920   47360   2960   11840
740   -5928   47424   2964   11856
741   -5936   47488   2968   11872
742   -5944   47552   2972   11888
743   -5952   47616   2976   11904
744   -5960   47680   2980   11920
745   -5968   47744   2984   11936
746   -5976   47808   2988   11952
747   -5984   47872   2992   11968
748   -5992   47936   2996   11984
749   -6000   48000   3000   12000
750   -6008   48064   3004   12016
751   -6016   48128   3008   12032
752   -6024   48192   3012   12048
753   -6032   48256   3016   12064
754   -6040   48320   3020   12080
755   -6048   48384   3024   12096
756   -6056   48448   3028   12112
757   -6064   48512   3032   12128
758   -6072   48576   3036   12144
759   -6080   48640   3040   12160
760   -6088   48704   3044   12176
761   -6096   48768   3048   12192
762   -6104   48832   3052   12208
763   -6112   48896   3056   12224
764   -6120   48960   3060   12240
765   -6128   49024   3064   12256
766   -6136   49088   3068   12272
767   -6144   49152   3072   12288
768   -6152   49216   3076   12304
769   -6160   49280   3080   12320
770   -6168   49344   3084   12336
771   -6176   49408   3088   12352
772   -6184   49472   3092   12368
773   -6192   49536   3096   12384
774   -6200   49600   3100   12400
775   -6208   49664   3104   12416
776   -6216   49728   3108   12432
777   -6224   49792   3112   12448
778   -6232   49856   3116   12464
779   -6240   49920   3120   12480
780   -6248   49984   3124   12496
781   -6256   50048   3128   12512
782   -6264   50112   3132   12528
783   -6272   50176   3136   12544
784   -6280   50240   3140   12560
785   -6288   50304   3144   12576
786   -6296   50368   3148   12592
787   -6304   50432   3152   12608
788   -6312   50496   3156   12624
789   -6320   50560   3160   12640
790   -6328   50624   3164   12656
791   -6336   50688   3168   12672
792   -6344   50752   3172   12688
793   -6352   50816   3176   12704
794   -6360   50880   3180   12720
795   -6368   50944   3184   12736
796   -6376   51008   3188   12752
797   -6384   51072   3192   12768
798   -6392   51136   3196   12784
799   -6400   51200   3200   12800
800   -6408   51264   3204   12816
801   -6416   51328   3208   12832
802   -6424   51392   3212   12848
803   -6432   51456   3216   12864
804   -6440   51520   3220   12880
805   -6448   51584   3224   12896
806   -6456   51648   3228   12912
807   -6464   51712   3232   12928
808   -6472   51776   3236   12944
809   -6480   51840   3240   12960
810   -6488   51904   3244   12976
811   -6496   51968   3248   12992
812   -6504   52032   3252   13008
813   -6512   52096   3256   13024
814   -6520   52160   3260   13040
815   -6528   52224   3264   13056
816   -6536   52288   3268   13072
817   -6544   52352   3272   13088
818   -6552   52416   3276   13104
819   -6560   52480   3280   13120
820   -6568   52544   3284   13136
821   -6576   52608   3288   13152
822   -6584   52672   3292   13168
823   -6592   52736   3296   13184
824   -6600   52800   3300   13200
825   -6608   52864   3304   13216
826   -6616   52928   3308   13232
827   -6624   52992   3312   13248
828   -6632   53056   3316   13264
829   -6640   53120   3320   13280
830   -6648   53184   3324   13296
831   -6656   53248   3328   13312
832   -6664   53312   3332   13328
833   -6672   53376   3336   13344
834   -6680   53440   3340   13360
835   -6688   53504   3344   13376
836   -6696   53568   3348   13392
837   -6704   53632   3352   13408
838   -6712   53696   3356   13424
839   -6720   53760   3360   13440
840   -6728   53824   3364   13456
841   -6736   53888   3368   13472
842   -6744   53952   3372   13488
843   -6752   54016   3376   13504
844   -6760   54080   3380   13520
845   -6768   54144   3384   13536
846   -6776   54208   3388   13552
847   -6784   54272   3392   13568
848   -6792   54336   3396   13584
849   -6800   54400   3400   13600
850   -6808   54464   3404   13616
851   -6816   54528   3408   13632
852   -6824   54592   3412   13648
853   -6832   54656   3416   13664
854   -6840   54720   3420   13680
855   -6848   54784   3424   13696
856   -6856   54848   3428   13712
857   -6864   54912   3432   13728
858   -6872   54976   3436   13744
859   -6880   55040   3440   13760
860   -6888   55104   3444   13776
861   -6896   55168   3448   13792
862   -6904   55232   3452   13808
863   -6912   55296   3456   13824
864   -6920   55360   3460   13840
865   -6928   55424   3464   13856
866   -6936   55488   3468   13872
867   -6944   55552   3472   13888
868   -6952   55616   3476   13904
869   -6960   55680   3480   13920
870   -6968   55744   3484   13936
871   -6976   55808   3488   13952
872   -6984   55872   3492   13968
873   -6992   55936   3496   13984
874   -7000   56000   3500   14000
875   -7008   56064   3504   14016
876   -7016   56128   3508   14032
877   -7024   56192   3512   14048
878   -7032   56256   3516   14064
879   -7040   56320   3520   14080
880   -7048   56384   3524   14096
881   -7056   56448   3528   14112
882   -7064   56512   3532   14128
883   -7072   56576   3536   14144
884   -7080   56640   3540   14160
885   -7088   56704   3544   14176
886   -7096   56768   3548   14192
887   -7104   56832   3552   14208
888   -7112   56896   3556   14224
889   -7120   56960   3560   14240
890   -7128   57024   3564   14256
891   -7136   57088   3568   14272
892   -7144   57152   3572   14288
893   -7152   57216   3576   14304
894   -7160   57280   3580   14320
895   -7168   57344   3584   14336
896   -7176   57408   3588   14352
897   -7184   57472   3592   14368
898   -7192   57536   3596   14384
899   -7200   57600   3600   14400
900   -7208   57664   3604   14416
901   -7216   57728   3608   14432
902   -7224   57792   3612   14448
903   -7232   57856   3616   14464
904   -7240   57920   3620   14480
905   -7248   57984   3624   14496
906   -7256   58048   3628   14512
907   -7264   58112   3632   14528
908   -7272   58176   3636   14544
909   -7280   58240   3640   14560
910   -7288   58304   3644   14576
911   -7296   58368   3648   14592
912   -7304   58432   3652   14608
913   -7312   58496   3656   14624
914   -7320   58560   3660   14640
915   -7328   58624   3664   14656
916   -7336   58688   3668   14672
917   -7344   58752   3672   14688
918   -7352   58816   3676   14704
919   -7360   58880   3680   14720
920   -7368   58944   3684   14736
921   -7376   59008   3688   14752
922   -7384   59072   3692   14768
923   -7392   59136   3696   14784
924   -7400   59200   3700   14800
925   -7408   59264   3704   14816
926   -7416   59328   3708   14832
927   -7424   59392   3712   14848
928   -7432   59456   3716   14864
929   -7440   59520   3720   14880
930   -7448   59584   3724   14896
931   -7456   59648   3728   14912
932   -7464   59712   3732   14928
933   -7472   59776   3736   14944
934   -7480   59840   3740   14960
935   -7488   59904   3744   14976
936   -7496   59968   3748   14992
937   -7504   60032   3752   15008
938   -7512   60096   3756   15024
939   -7520   60160   3760   15040
940   -7528   60224   3764   15056
941   -7536   60288   3768   15072
942   -7544   60352   3772   15088
943   -7552   60416   3776   15104
944   -7560   60480   3780   15120
945   -7568   60544   3784   15136
946   -7576   60608   3788   15152
947   -7584   60672   3792   15168
948   -7592   60736   3796   15184
949   -7600   60800   3800   15200
950   -7608   60864   3804   15216
951   -7616   60928   3808   15232
952   -7624   60992   3812   15248
953   -7632   61056   3816   15264
954   -7640   61120   3820   15280
955   -7648   61184   3824   15296
956   -7656   61248   3828   15312
957   -7664   61312   3832   15328
958   -7672   61376   3836   15344
959   -7680   61440   3840   15360
960   -7688   61504   3844   15376
961   -7696   61568   3848   15392
962   -7704   61632   3852   15408
963   -7712   61696   3856   15424
964   -7720   61760   3860   15440
965   -7728   61824   3864   15456
966   -7736   61888   3868   15472
967   -7744   61952   3872   15488
968   -7752   62016   3876   15504
969   -7760   62080   3880   15520
970   -7768   62144   3884   15536
971   -7776   62208   3888   15552
972   -7784   62272   3892   15568
973   -7792   62336   3896   15584
974   -7800   62400   3900   15600
975   -7808   62464   3904   15616
976   -7816   62528   3908   15632
977   -7824   62592   3912   15648
978   -7832   62656   3916   15664
979   -7840   62720   3920   15680
980   -7848   62784   3924   15696
981   -7856   62848   3928   15712
982   -7864   62912   3932   15728
983   -7872   62976   3936   15744
984   -7880   63040   3940   15760
985   -7888   63104   3944   15776
986   -7896   63168   3948   15792
987   -7904   63232   3952   15808
988   -7912   63296   3956   15824
989   -7920   63360   3960   15840
990   -7928   63424   3964   15856
991   -7936   63488   3968   15872
992   -7944   63552   3972   15888
993   -7952   63616   3976   15904
994   -7960   63680   3980   15920
995   -7968   63744   3984   15936
996   -7976   63808   3988   15952
997   -7984   63872   3992   15968
998   -7992   63936   3996   15984
999   -8000   64000   4000   16000
